element	E_M	E_HO	E_O	E_HOO	E_HOO2	delta_E1(eV)	delta_E2(eV)	delta_E3_HOO(eV)	delta_E4_HOO(eV)	delta_E3_HOO2(eV)	delta_E4_HOO2(eV)	delta_E_HOO−HO(eV)	delta_E_HOO2−HO(eV)													
Ag	-0.19846858 	-10.53861252 	-4.48626772 	-14.74446817 	-14.74371198 	 0.49123606 	 3.15845085999999 	 3.73163040999999 	 3.71461959 	 3.73238659999999 	 3.7138634 	 3.24039434999999 	 3.24115053999999 			 0.49123606 	 2.66721479999999 	 0.57317955 	 1.18836959000001 				 0.69836959000001 	 2.66721479999999 	 1.55721479999999 	-1.55721479999999 
Au	-0.18515154 	-10.54735392 	-4.83273761 	-14.56986046 	-14.85611376 	 0.469177619999998 	 2.79866392999999 	 3.89292107999999 	 3.55332892 	 3.60666777999999 	 3.83958222 	 3.42374346 	 3.13749016 			 0.469177619999998 	 2.32948630999999 	 1.09425715 	 1.02707892000001 				 0.53707892000001 	 2.32948630999999 	 1.21948630999999 	-1.21948630999999 
Bi	-1.32501558 	-12.26849745 	-7.55094619 	-16.31776587 	-16.35388942 	-0.11210187 	 1.22031938999999 	 3.28487971 	 4.16137028999999 	 3.24875615999999 	 4.19749384 	 3.39698158 	 3.36085802999999 			-0.11210187 	 1.33242125999999 	 2.06456032000001 	 1.63512029 				 1.14512029 	 2.06456032000001 	 0.95456032000001 	-0.95456032000001 
Cd	-0.01338906 	-9.33152272 	-3.26955554 	-13.63473902 	-13.63392833 	 1.51324633999999 	 4.19008352 	 4.65628003999999 	 2.78996996 	 4.65709072999999 	 2.78915927 	 3.1430337 	 3.14384439 			 1.51324633999999 	 2.67683718000001 	 0.46619651999999 	 0.26371996000001 				-0.22628003999999 	 2.67683718000001 	 1.56683718000001 	-1.56683718000001 
Co	-1.85747682 	-13.47829855 	-8.97820497 	-17.72998894 	-17.75889334 	-0.78944173 	 0.325521849999999 	 2.40511788 	 5.04113212 	 2.37621347999999 	 5.07003652 	 3.19455961 	 3.16565520999999 			-0.78944173 	 1.11496358 	 2.07959603 	 2.51488212 				 2.02488212 	 2.51488212 	 1.40488212 	-1.40488212 
Co_pv	-1.70867164 	-13.40604334 	-8.89797383 	-17.66082183 	-17.68790843 	-0.8659917 	 0.256947809999999 	 2.32547980999999 	 5.12077019 	 2.29839320999999 	 5.14785679 	 3.19147150999999 	 3.16438490999999 			-0.8659917 	 1.12293951 	 2.06853199999999 	 2.59452019000001 				 2.10452019000001 	 2.59452019000001 	 1.48452019000001 	-1.48452019000001 
Co_sv	-1.78624283 	-13.54686882 	-9.04952814 	-17.80392236 	-17.83372973 	-0.929245990000001 	 0.182964689999999 	 2.25995046999999 	 5.18629953 	 2.23014309999999 	 5.2161069 	 3.18919645999999 	 3.15938908999999 			-0.929245990000001 	 1.11221068 	 2.07698577999999 	 2.66004953000001 				 2.17004953000001 	 2.66004953000001 	 1.55004953000001 	-1.55004953000001 
Cr_pv	-5.44394468 	-17.07640797 	-12.63152649 	-21.15782583 	-21.26390962 	-0.801083290000001 	 0.258668189999998 	 2.56374884999999 	 4.88250114999999 	 2.45766506 	 4.98858493999999 	 3.36483214 	 3.25874835 			-0.801083290000001 	 1.05975148 	 2.30508065999999 	 2.35625115000001 				 1.86625115000001 	 2.35625115000001 	 1.24625115000001 	-1.24625115000001 
Cu	-0.24240739 	-11.40254222 	-5.59798872 	-15.4035543 	-15.53229275 	-0.328754830000001 	 2.09066866999999 	 3.11648308999999 	 4.32976691 	 2.98774463999999 	 4.45850536 	 3.44523792 	 3.31649947 			-0.328754830000001 	 2.41942349999999 	 1.02581442 	 1.80351691000001 				 1.31351691000001 	 2.41942349999999 	 1.30942349999999 	-1.30942349999999 
Fe	-3.31683198 	-14.94764285 	-10.73642258 	-18.93855998 	-22.38463102 	-0.79943087 	 2.66593999999997E-02 	 2.65590199999999 	 4.790348 	-0.790169040000002 	 8.23641904 	 3.45533286999999 	 9.26182999999802E-03 			-0.79943087 	 0.82609027 	 2.62924259999999 	 2.26409800000001 				 1.77409800000001 	 2.62924259999999 	 1.51924259999999 	-1.51924259999999 
Fe_pv	-3.2225348 	-14.79845273 	-10.6876196 	-18.83948692 	-22.39030326 	-0.744537929999999 	-1.88348000000004E-02 	 2.66067787999999 	 4.78557212 	-0.890138459999999 	 8.33638846 	 3.40521580999999 	-0.145600529999999 			-0.744537929999999 	 0.725703129999999 	 2.67951267999999 	 2.25932212000001 				 1.76932212000001 	 2.67951267999999 	 1.56951267999999 	-1.56951267999999 
Fe_sv	-3.25753309 	-14.95098856 	-10.79556993 	-22.5263099 	-22.51778372 	-0.86207547 	-9.17868400000001E-02 	-0.991146810000003 	 8.43739681 	-0.982620630000003 	 8.42887063 	-0.129071340000002 	-0.120545160000002 			-0.86207547 	 0.77028863 	-0.899359970000003 	 5.91114681 				 5.42114681 	 5.91114681 	 4.80114681 	-4.80114681 
Ga	-0.22437394 	-12.90255729 	-6.79380193 	-16.82306544 	-16.94006409 	-1.84680335 	 0.876822009999999 	 1.67893849999999 	 5.7673115 	 1.56193984999999 	 5.88431015 	 3.52574184999999 	 3.4087432 			-1.84680335 	 2.72362536 	 0.802116489999991 	 3.24106150000001 				 2.75106150000001 	 3.24106150000001 	 2.13106150000001 	-2.13106150000001 
Hf	-3.47262116 	-17.1515433 	-14.46807057 	-27.2285407 	-27.22948138 	-2.84754214 	-3.54919941 	-5.47828954 	 12.92453954 	-5.47923022 	 12.92548022 	-2.6307474 	-2.63168808 			-2.84754214 	-0.70165727 	-1.92909013 	 10.39828954 				 9.90828954 	 10.39828954 	 9.28828954 	-9.28828954 
Hg	-0.01131344 	-8.56490815 	-2.52358911 	-13.3210328 	-13.32038417 	 2.27778528999999 	 4.93397432999999 	 4.96791063999999 	 2.47833935999999 	 4.96855926999999 	 2.47769073 	 2.69012535 	 2.69077397999999 			 2.27778528999999 	 2.65618904 	 3.39363099999996E-02 	-4.79106399999898E-02 				-0.53791063999999 	 2.65618904 	 1.54618904 	-1.54618904 
In_d	-0.21663994 	-12.39972553 	-6.22329576 	-16.39874894 	-16.4825902 	-1.35170559 	 1.43959417999999 	 2.09552099999999 	 5.350729 	 2.01167973999999 	 5.43457026 	 3.44722658999999 	 3.36338532999999 			-1.35170559 	 2.79129976999999 	 0.65592682 	 2.82447900000001 				 2.33447900000001 	 2.82447900000001 	 1.71447900000001 	-1.71447900000001 
Ir	-1.50543178 	-13.09502037 	-9.05762171 	-17.57346071 	-17.61925019 	-0.75820859 	-0.105939929999999 	 2.20960106999999 	 5.23664892999999 	 2.16381158999999 	 5.28243840999999 	 2.96780965999999 	 2.92202017999999 			-0.75820859 	 0.652268660000001 	 2.31554099999999 	 2.71039893000001 				 2.22039893000001 	 2.71039893000001 	 1.60039893000001 	-1.60039893000001 
Mn_pv	-5.14992306 	-16.38613686 	-12.44479303 	-20.33166895 	-24.24257647 	-0.404833800000002 	 0.151380029999999 	 3.09588410999999 	 4.35036589 	-0.815023410000002 	 8.26127341 	 3.50071790999999 	-0.410189609999999 			-0.404833800000002 	 0.556213830000001 	 2.94450407999999 	 1.82411589000001 				 1.33411589000001 	 2.94450407999999 	 1.83450407999999 	-1.83450407999999 
Mo_sv	-4.64509058 	-16.31068135 	-12.57954174 	-20.45346169 	-20.54597279 	-0.83421077 	-0.48820116 	 2.46925888999999 	 4.97699111 	 2.37674778999999 	 5.06950221 	 3.30346965999999 	 3.21095855999999 			-0.83421077 	 0.34600961 	 2.95746004999999 	 2.45074111000001 				 1.96074111000001 	 2.95746004999999 	 1.84746004999999 	-1.84746004999999 
Nb_pv	-3.113323 	-15.82107807 	-12.58986552 	-25.61192598 	-25.61004847 	-1.87637507 	-2.03029252 	-4.22097297999999 	 11.6672229799999 	-4.21909546999999 	 11.6653454699999 	-2.34459790999999 	-2.34272039999999 			-1.87637507 	-0.15391745 	-2.19068045999999 	 9.14097297999999 				 8.65097297999999 	 9.14097297999999 	 8.03097297999999 	-8.03097297999999 
Ni	-0.63692054 	-12.30074871 	-7.5713164 	-16.59133044 	-16.49067371 	-0.832448170000001 	 0.511854139999999 	 2.32322009999999 	 5.1230299 	 2.42387682999999 	 5.02237317 	 3.15566826999999 	 3.256325 			-0.832448170000001 	 1.34430231 	 1.81136595999999 	 2.59677990000001 				 2.10677990000001 	 2.59677990000001 	 1.48677990000001 	-1.48677990000001 
Ni_pv	-0.62918064 	-12.30674522 	-7.59333627 	-16.60176223 	-16.50387886 	-0.846184580000001 	 0.482094369999998 	 2.30504840999999 	 5.14120159 	 2.40293177999999 	 5.04331822 	 3.15123299 	 3.24911635999999 			-0.846184580000001 	 1.32827895 	 1.82295403999999 	 2.61495159000001 				 2.12495159000001 	 2.61495159000001 	 1.50495159000001 	-1.50495159000001 
Os	-2.90630502 	-14.52500799 	-10.70637792 	-23.64250647 	-23.64164152 	-0.787322970000001 	-0.3538229 	-2.45857145 	 9.90482145 	-2.4577065 	 9.9039565 	-1.67124847999999 	-1.67038352999999 			-0.787322970000001 	 0.433500070000001 	-2.10474855 	 7.37857145 				 6.88857145 	 7.37857145 	 6.26857145 	-6.26857145 
Os_pv	-2.91197832 	-14.53476853 	-10.73674597 	-23.70141411 	-23.70001092 	-0.79141021 	-0.37851765 	-2.51180579 	 9.95805579 	-2.5104026 	 9.9566526 	-1.72039558 	-1.71899239 			-0.79141021 	 0.41289256 	-2.13328814 	 7.43180579 				 6.94180579 	 7.43180579 	 6.32180579 	-6.32180579 
Pb	-0.62274251 	-12.18772037 	-8.05659073 	-16.34126358 	-16.33910619 	-0.733597859999999 	 1.24017799999993E-02 	 2.55910892999999 	 4.88714107 	 2.56126631999999 	 4.88498367999999 	 3.29270678999999 	 3.29486417999999 			-0.733597859999999 	 0.745999639999998 	 2.54670714999999 	 2.36089107000001 				 1.87089107000001 	 2.54670714999999 	 1.43670714999999 	-1.43670714999999 
Pd	-1.47428685 	-11.9148156 	-6.73423993 	-16.47449303 	-16.47637105 	 0.390851249999999 	 2.18629691999999 	 3.27742381999999 	 4.16882618 	 3.27554579999999 	 4.1707042 	 2.88657256999999 	 2.88469454999999 			 0.390851249999999 	 1.79544566999999 	 1.0911269 	 1.64257618000001 				 1.15257618000001 	 1.79544566999999 	 0.685445669999991 	-0.685445669999991 
Pd_pv	-1.49664748 	-11.92042213 	-6.73632541 	-16.31768126 	-16.48123853 	 0.407605349999999 	 2.20657206999999 	 3.45659621999999 	 3.98965378 	 3.29303894999999 	 4.15321104999999 	 3.04899086999999 	 2.8854336 			 0.407605349999999 	 1.79896671999999 	 1.25002415 	 1.46340378000001 				 0.97340378000001 	 1.79896671999999 	 0.688966719999991 	-0.688966719999991 
Pt	-0.55586257 	-11.8770213 	-7.48454919 	-16.3322574 	-16.339034 	-0.489778729999999 	 0.517563379999998 	 2.50123516999999 	 4.94501483 	 2.49445856999999 	 4.95179143 	 2.99101389999999 	 2.98423729999999 			-0.489778729999999 	 1.00734211 	 1.98367178999999 	 2.41876483000001 				 1.92876483000001 	 2.41876483000001 	 1.30876483000001 	-1.30876483000001 
Pt_pv	-0.55113866 	-11.9229092 	-7.5626081 	-16.38887612 	-16.3937364 	-0.54039054 	 0.434780559999999 	 2.43989253999999 	 5.00635746 	 2.43503225999999 	 5.01121774 	 2.98028307999999 	 2.97542279999999 			-0.54039054 	 0.975171099999999 	 2.00511197999999 	 2.48010746000001 				 1.99010746000001 	 2.48010746000001 	 1.37010746000001 	-1.37010746000001 
Rh	-1.56042884 	-12.85559534 	-8.67082076 	-17.37259712 	-17.40043681 	-0.463786500000001 	 0.335858079999999 	 2.46546172 	 4.98078827999999 	 2.43762203 	 5.00862796999999 	 2.92924822 	 2.90140853 			-0.463786500000001 	 0.79964458 	 2.12960364 	 2.45453828 				 1.96453828 	 2.45453828 	 1.34453828 	-1.34453828 
Rh_pv	-1.28060796 	-12.8370274 	-8.67406678 	-17.36967949 	-17.39495299 	-0.725039440000001 	 5.27911799999989E-02 	 2.18855847 	 5.25769153 	 2.16328496999999 	 5.28296503 	 2.91359791 	 2.88832441 			-0.725039440000001 	 0.77783062 	 2.13576729 	 2.73144153 				 2.24144153 	 2.73144153 	 1.62144153 	-1.62144153 
Ru	-2.47314641 	-13.86033537 	-10.1207084 	-18.47490402 	-21.87035017 	-0.55580896 	-0.20131199 	 2.27587239 	 5.17037761 	-1.11957375999999 	 8.56582376 	 2.83168135 	-0.563764799999997 			-0.55580896 	 0.35449697 	 2.47718438 	 2.64412761 				 2.15412761 	 2.64412761 	 1.53412761 	-1.53412761 
Ru_pv	-2.4742555 	-13.88017999 	-10.14835366 	-18.50330417 	-22.22253223 	-0.574544490000001 	-0.22784816 	 2.24858132999999 	 5.19766867 	-1.47064673 	 8.91689673 	 2.82312581999999 	-0.896102240000001 			-0.574544490000001 	 0.346696330000001 	 2.47642948999999 	 2.67141867000001 				 2.18141867000001 	 2.67141867000001 	 1.56141867000001 	-1.56141867000001 
Ru_sv	-2.30771375 	-13.95571007 	-10.24515002 	-22.34674315 	-22.34901468 	-0.816616320000001 	-0.491186270000001 	-1.7613994 	 9.2076494 	-1.76367093 	 9.20992093 	-0.94478308 	-0.947054609999998 			-0.816616320000001 	 0.32543005 	-1.27021313 	 6.6813994 				 6.1913994 	 6.6813994 	 5.5713994 	-5.5713994 
Sb	-1.43054413 	-12.63132618 	-8.18517403 	-16.62936575 	-16.65441029 	-0.369402050000001 	 0.691620099999998 	 3.07880837999999 	 4.36744162 	 3.05376383999999 	 4.39248616 	 3.44821042999999 	 3.42316588999999 			-0.369402050000001 	 1.06102215 	 2.38718827999999 	 1.84119162000001 				 1.35119162000001 	 2.38718827999999 	 1.27718827999999 	-1.27718827999999 
Sc_sv	-2.03354347 	-15.27203521 	-11.8244474 	-24.49649207 	-24.49538109 	-2.40711174 	-2.34465393 	-4.18531859999999 	 11.6315685999999 	-4.18420761999999 	 11.6304576199999 	-1.77820685999999 	-1.77709587999999 			-2.40711174 	 6.24578099999997E-02 	-1.84066466999999 	 9.10531859999999 				 8.61531859999999 	 9.10531859999999 	 7.99531859999999 	-7.99531859999999 
Sn	-0.66980323 	-12.55893337 	-8.7715714 	-16.67702559 	-16.67626753 	-1.05775014 	-0.65551817 	 2.27040763999999 	 5.17584236 	 2.27116569999999 	 5.1750843 	 3.32815777999999 	 3.32891583999999 			-1.05775014 	 0.40223197 	 2.92592580999999 	 2.64959236000001 				 2.15959236000001 	 2.92592580999999 	 1.81592580999999 	-1.81592580999999 
Sn_d	-0.69951373 	-12.56832115 	-8.76078543 	-16.68387636 	-16.68273828 	-1.03742742 	-0.615021700000001 	 2.29326736999999 	 5.15298263 	 2.29440544999999 	 5.15184455 	 3.33069478999999 	 3.33183286999999 			-1.03742742 	 0.422405719999999 	 2.90828906999999 	 2.62673263000001 				 2.13673263000001 	 2.90828906999999 	 1.79828906999999 	-1.79828906999999 
Sr_sv	-0.02810631 	-12.1050494 	-6.89547294 	-16.21824366 	-16.28260515 	-1.24556309 	 0.578883369999998 	 2.08749264999999 	 5.35875734999999 	 2.02313115999999 	 5.42311883999999 	 3.33305573999999 	 3.26869424999999 			-1.24556309 	 1.82444646 	 1.50860927999999 	 2.83250735000001 				 2.34250735000001 	 2.83250735000001 	 1.72250735000001 	-1.72250735000001 
Ta	-3.48643875 	-16.74672836 	-14.30927614 	-27.50225555 	-27.503154 	-2.42890961 	-3.37658739 	-5.7381868 	 13.1844368 	-5.73908524999999 	 13.1853352499999 	-3.30927719 	-3.31017563999999 			-2.42890961 	-0.94767778 	-2.36159941 	 10.6581868 				 10.1681868 	 10.6581868 	 9.5481868 	-9.5481868 
Tc_pv	-3.29859887 	-15.07589733 	-11.63086099 	-24.09969118 	-24.0988958 	-0.945918460000001 	-0.88601212 	-2.52346231 	 9.96971231 	-2.52266693 	 9.96891693 	-1.57754385 	-1.57674847 			-0.945918460000001 	 5.99063400000011E-02 	-1.63745019 	 7.44346231 				 6.95346231 	 7.44346231 	 6.33346231 	-6.33346231 
Ti	-2.32134522 	-15.29639943 	-12.04416784 	-24.83707417 	-24.83791874 	-2.14367421 	-2.27657262 	-4.23809895 	 11.68434895 	-4.23894351999999 	 11.6851935199999 	-2.09442474 	-2.09526930999999 			-2.14367421 	-0.13289841 	-1.96152633 	 9.15809895 				 8.66809895 	 9.15809895 	 8.04809895 	-8.04809895 
Ti_pv	-2.38859205 	-15.39555062 	-12.34069551 	-25.18798453 	-25.18832388 	-2.17557857 	-2.50585346 	-4.52176248 	 11.96801248 	-4.52210183 	 11.96835183 	-2.34618391 	-2.34652325999999 			-2.17557857 	-0.33027489 	-2.01590902 	 9.44176248 				 8.95176248 	 9.44176248 	 8.33176248 	-8.33176248 
Ti_sv	-2.39918617 	-15.25417917 	-12.40330451 	-25.27600435 	-25.27243911 	-2.023613 	-2.55786834 	-4.59918818 	 12.04543818 	-4.59562294 	 12.04187294 	-2.57557518 	-2.57200994 			-2.023613 	-0.53425534 	-2.04131984 	 9.51918818 				 9.02918818 	 9.51918818 	 8.40918818 	-8.40918818 
V_sv	-3.59544784 	-16.12532303 	-12.85296996 	-25.07383234 	-25.34738786 	-1.69849519 	-1.81127212 	-3.2007545 	 10.6470045 	-3.47431002 	 10.92056002 	-1.50225931 	-1.77581483 			-1.69849519 	-0.11277693 	-1.38948238 	 8.1207545 				 7.6307545 	 8.1207545 	 7.0107545 	-7.0107545 
W_sv	-4.57140103 	-16.55869237 	-14.03985321 	-26.93494496 	-26.93316475 	-1.15591133999999 	-2.02220218 	-4.08591393 	 11.53216393 	-4.08413372 	 11.53038372 	-2.93000259 	-2.92822238 			-1.15591133999999 	-0.86629084000001 	-2.06371175 	 9.00591393 				 8.51591393 	 9.00591393 	 7.89591393 	-7.89591393 
Y_sv	-2.1574366 	-15.84283194 	-12.052954 	-24.54988084 	-24.55026232 	-2.85401534 	-2.4492674 	-4.11481424 	 11.56106424 	-4.11519572 	 11.56144572 	-1.2607989 	-1.26118038 			-2.85401534 	 0.40474794 	-1.66554684 	 9.03481424 				 8.54481424 	 9.03481424 	 7.92481424 	-7.92481424 
Zn	-0.01073299 	-9.71168824 	-3.80193805 	-13.67815652 	-13.8254229 	 1.13042474999999 	 3.65504493999999 	 4.61020646999999 	 2.83604353 	 4.46294008999999 	 2.98330991 	 3.47978172 	 3.33251534 			 1.13042474999999 	 2.52462019 	 0.95516153 	 0.30979353000001 				-0.18020646999999 	 2.52462019 	 1.41462019 	-1.41462019 
Zr_sv	-2.24445414 	-15.65458808 	-12.84057625 	-26.03672796 	-26.03725568 	-2.57875394 	-3.14987211 	-5.51464382 	 12.9608938199999 	-5.51517154 	 12.96142154 	-2.93588987999999 	-2.9364176 			-2.57875394 	-0.57111817 	-2.36477171 	 10.43464382 				 9.94464382 	 10.43464382 	 9.32464382 	-9.32464382 
