element	E_M	E_HO	E_O	E_HOO	E_HOO2	delta_E1(eV)	delta_E2(eV)	delta_E3_HOO(eV)	delta_E4_HOO(eV)	delta_E3_HOO2(eV)	delta_E4_HOO2(eV)	delta_E_HOO−HO(eV)	delta_E_HOO2−HO(eV)									
Ag	-0.03430364 	-10.29282587 	-3.78025668 	-14.1152139 	-14.26007286 	 0.572857769999998 	 3.70029695999999 	 4.19671973999999 	 3.24953026 	 4.05186077999999 	 3.39438922 	 3.62386196999999 	 3.47900300999999 			 0.572857769999998 	 3.12743918999999 	 0.49642278 	 0.23328026000001 	 3.12743918999999 	 2.01743918999999 	-2.01743918999999 
Au	-0.03341282 	-10.2655464 	-4.2331693 	-14.04581402 	-14.32236379 	 0.59924642 	 3.24649351999999 	 4.26522879999999 	 3.1810212 	 3.98867902999999 	 3.45757097 	 3.66598237999999 	 3.38943260999999 			 0.59924642 	 2.64724709999999 	 1.01873528 	 0.164771200000009 	 2.64724709999999 	 1.53724709999999 	-1.53724709999999 
Bi	-0.0822952 	-11.43275091 	-7.15771315 	-15.39915356 	-15.27357832 	-0.519075709999999 	 0.370832049999998 	 2.96077163999999 	 4.48547836 	 3.08634687999999 	 4.35990312 	 3.47984734999999 	 3.60542258999999 			-0.519075709999999 	 0.889907759999997 	 2.58993958999999 	 1.46922836000001 	 2.58993958999999 	 1.47993958999999 	-1.47993958999999 
Cd	-0.00929593 	-8.92638554 	-3.0039447 	-13.01729828 	-13.01789837 	 1.91429038999999 	 4.45160123 	 5.26962764999999 	 2.17662235 	 5.26902756 	 2.17722243999999 	 3.35533725999999 	 3.35473717 			 1.91429038999999 	 2.53731084000001 	 0.81802641999999 	-0.83962764999999 	 2.53731084000001 	 1.42731084000001 	-1.42731084000001 
Co	-0.13546741 	-12.03701319 	-7.4743972 	-16.26994784 	-16.27031109 	-1.07016578 	 0.107320209999999 	 2.14314956999999 	 5.30310043 	 2.14278631999999 	 5.30346368 	 3.21331534999999 	 3.21295209999999 			-1.07016578 	 1.17748599 	 2.03582935999999 	 2.28685043000001 	 2.28685043000001 	 1.17685043000001 	-1.17685043000001 
Co_pv	-0.12952957 	-12.00156976 	-7.41259359 	-16.21676971 	-16.21580606 	-1.04066019 	 0.163185979999998 	 2.19038985999999 	 5.25586014 	 2.19135350999999 	 5.25489648999999 	 3.23105004999999 	 3.23201369999999 			-1.04066019 	 1.20384617 	 2.02720387999999 	 2.23961014000001 	 2.23961014000001 	 1.12961014000001 	-1.12961014000001 
Co_sv	-0.13950936 	-12.08294774 	-7.53735208 	-16.32215404 	-16.22580033 	-1.11205838 	 4.84072799999992E-02 	 2.09498531999999 	 5.35126468 	 2.19133903 	 5.25491096999999 	 3.2070437 	 3.30339741 			-1.11205838 	 1.16046566 	 2.04657803999999 	 2.33501468000001 	 2.33501468000001 	 1.22501468000001 	-1.22501468000001 
Cr_pv	-0.47928084 	-13.29295061 	-10.34807796 	-23.03144543 	-23.03122356 	-1.98228977 	-2.42254712 	-4.27453459 	 11.72078459 	-4.27431272 	 11.72056272 	-2.29224482 	-2.29202295 			-1.98228977 	-0.44025735 	-1.85198747 	 8.70453459 	 8.70453459 	 7.59453459 	-7.59453459 
Cu	-0.03599861 	-11.13329605 	-5.03746573 	-14.89825606 	-15.0205113 	-0.26591744 	 2.44478287999999 	 3.41537254999999 	 4.03087745 	 3.29311730999999 	 4.15313269 	 3.68128999 	 3.55903474999999 			-0.26591744 	 2.71070031999999 	 0.97058967 	 1.01462745000001 	 2.71070031999999 	 1.60070031999999 	-1.60070031999999 
Fe	-0.19782429 	-12.39622088 	-8.36894416 	-16.87705622 	-20.81710489 	-1.36701659 	-0.72486987 	 1.59839806999999 	 5.84785193 	-2.3416506 	 9.7879006 	 2.96541465999999 	-0.97463401 			-1.36701659 	 0.64214672 	 2.32326793999999 	 2.83160193000001 	 2.83160193000001 	 1.72160193000001 	-1.72160193000001 
Fe_pv	-0.19276919 	-12.40367025 	-8.42475833 	-16.91303778 	-20.91683485 	-1.37952106 	-0.78573914 	 1.55736140999999 	 5.88888859 	-2.44643566 	 9.89268566 	 2.93688246999999 	-1.0669146 			-1.37952106 	 0.59378192 	 2.34310054999999 	 2.87263859000001 	 2.87263859000001 	 1.76263859000001 	-1.76263859000001 
Fe_sv	-0.201687 	-12.46578932 	-8.51421746 	-16.9999683 	-21.03938805 	-1.43272232 	-0.86628046 	 1.47934869999999 	 5.9669013 	-2.56007105 	 10.00632105 	 2.91207102 	-1.12734872999999 			-1.43272232 	 0.56644186 	 2.34562915999999 	 2.95065130000001 	 2.95065130000001 	 1.84065130000001 	-1.84065130000001 
Ga	-0.05787465 	-12.6503723 	-6.21047623 	-16.33977121 	-16.43329616 	-1.76111765 	 1.29364841999999 	 1.99573343999999 	 5.45051655999999 	 1.90220848999999 	 5.54404151 	 3.75685108999999 	 3.66332613999999 			-1.76111765 	 3.05476606999999 	 0.70208502 	 2.43426656000001 	 3.05476606999999 	 1.94476606999999 	-1.94476606999999 
Hf	-2.7024302 	-16.53050264 	-14.12480948 	-26.37426391 	-26.37522084 	-2.99669244 	-3.97612928 	-5.39420371 	 12.84045371 	-5.39516064 	 12.84141064 	-2.39751127 	-2.3984682 			-2.99669244 	-0.97943684 	-1.41807443 	 9.82420371 	 9.82420371 	 8.71420371 	-8.71420371 
Hg	-0.00851104 	-8.10436149 	-2.19936515 	-12.49718903 	-12.57938003 	 2.73552954999999 	 5.25539588999999 	 5.78895200999999 	 1.65729799 	 5.70676100999999 	 1.73948899 	 3.05342246 	 2.97123146 			 2.73552954999999 	 2.51986634 	 0.53355612 	-1.35895200999999 	 2.73552954999999 	 1.62552954999999 	-1.62552954999999 
In_d	-0.06925548 	-12.16484781 	-5.65692472 	-15.93090546 	-15.99343277 	-1.26421232999999 	 1.85858075999999 	 2.41598001999999 	 5.03026998 	 2.35345270999999 	 5.09279729 	 3.68019234999999 	 3.61766503999999 			-1.26421232999999 	 3.12279308999998 	 0.55739926 	 2.01401998000001 	 3.12279308999998 	 2.01279308999998 	-2.01279308999998 
Ir	-0.13734433 	-12.06788742 	-8.24853722 	-16.71111158 	-16.6984467 	-1.09916309 	-0.66494289 	 1.70386274999999 	 5.74238725 	 1.71652762999999 	 5.72972237 	 2.80302584 	 2.81569071999999 			-1.09916309 	 0.4342202 	 2.36880563999999 	 2.72613725000001 	 2.72613725000001 	 1.61613725000001 	-1.61613725000001 
Mn_pv	-0.31013138 	-12.82456177 	-9.42564312 	-22.01182021 	-22.01082048 	-1.68305039 	-1.66926174 	-3.42405883 	 10.87030883 	-3.42305909999999 	 10.8693091 	-1.74100843999999 	-1.74000870999999 			-1.68305039 	 0.01378865 	-1.75479709 	 7.85405883 	 7.85405883 	 6.74405883 	-6.74405883 
Mo_sv	-0.27420994 	-13.32932514 	-11.12462254 	-23.78806783 	-23.79857317 	-2.2237352 	-3.4041626 	-5.23622789 	 12.68247789 	-5.24673323 	 12.69298323 	-3.01249269 	-3.02299803 			-2.2237352 	-1.1804274 	-1.83206529 	 9.66622789 	 9.66622789 	 8.55622789 	-8.55622789 
Nb_pv	-0.71407865 	-13.95937517 	-11.49806639 	-24.53141648 	-24.53300214 	-2.41391652 	-3.33773774 	-5.53970783 	 12.98595783 	-5.54129349 	 12.98754349 	-3.12579131 	-3.12737697 			-2.41391652 	-0.92382122 	-2.20197009 	 9.96970783 	 9.96970783 	 8.85970783 	-8.85970783 
Ni	-0.09829611 	-11.67000728 	-6.46558022 	-15.74899617 	-15.7490906 	-0.740331170000001 	 1.07896588999999 	 2.62692993999999 	 4.81932006 	 2.62683550999999 	 4.81941449 	 3.36726110999999 	 3.36716667999999 			-0.740331170000001 	 1.81929705999999 	 1.54796405 	 1.80307006000001 	 1.81929705999999 	 0.709297059999991 	-0.709297059999991 
Ni_pv	-0.08114357 	-11.67698467 	-6.4880312 	-15.75890455 	-15.75812694 	-0.7644611 	 1.03936236999999 	 2.59986901999999 	 4.84638098 	 2.60064662999999 	 4.84560337 	 3.36433011999999 	 3.36510772999999 			-0.7644611 	 1.80382346999999 	 1.56050665 	 1.83013098000001 	 1.83013098000001 	 0.72013098000001 	-0.72013098000001 
Os	-0.42675429 	-12.89720537 	-10.01677935 	-18.01964548 	-22.68529451 	-1.63907108 	-2.14377506 	 0.684738809999998 	 6.76151119 	-3.98091021999999 	 11.42716022 	 2.32380988999999 	-2.34183913999999 			-1.63907108 	-0.50470398 	 2.82851387 	 3.74526119 	 3.74526119 	 2.63526119 	-2.63526119 
Os_pv	-0.44032088 	-12.94567411 	-10.16570859 	-18.10682642 	-22.74257465 	-1.67397323 	-2.27913771 	 0.611124459999999 	 6.83512554 	-4.02462377 	 11.47087377 	 2.28509769 	-2.35065054 			-1.67397323 	-0.60516448 	 2.89026217 	 3.81887554 	 3.81887554 	 2.70887554 	-2.70887554 
Pb	-0.07102658 	-11.71617987 	-7.82144018 	-15.63979593 	-15.63833364 	-0.81377329 	-0.3041636 	 2.70886064999999 	 4.73738935 	 2.71032293999999 	 4.73592706 	 3.52263393999999 	 3.52409622999999 			-0.81377329 	 0.50960969 	 3.01302424999999 	 1.72113935000001 	 3.01302424999999 	 1.90302424999999 	-1.90302424999999 
Pd	-1.50236441 	-11.48770121 	-5.82354874 	-15.63481572 	-15.81735516 	 0.846043199999998 	 3.12506566999999 	 4.14517868999999 	 3.30107131 	 3.96263924999999 	 3.48361075 	 3.29913548999999 	 3.11659605 			 0.846043199999998 	 2.27902246999999 	 1.02011302 	 0.28482131000001 	 2.27902246999999 	 1.16902246999999 	-1.16902246999999 
Pd_pv	-1.52514155 	-11.48991518 	-5.82187675 	-15.63738689 	-15.82079707 	 0.866606369999999 	 3.14951479999999 	 4.16538465999999 	 3.28086534 	 3.98197448 	 3.46427551999999 	 3.29877828999999 	 3.11536811 			 0.866606369999999 	 2.28290842999999 	 1.01586986 	 0.26461534000001 	 2.28290842999999 	 1.17290842999999 	-1.17290842999999 
Pt	-0.20179701 	-11.31453583 	-6.44513802 	-15.54094304 	-15.53046326 	-0.281358820000001 	 1.20290898999999 	 2.93848396999999 	 4.50776603 	 2.94896374999999 	 4.49728625 	 3.21984278999999 	 3.23032257 			-0.281358820000001 	 1.48426780999999 	 1.73557498 	 1.49151603000001 	 1.73557498 	 0.62557498 	-0.62557498 
Pt_pv	-0.19369689 	-11.3579165 	-6.53304213 	-15.60078986 	-15.59063446 	-0.33283961 	 1.10690475999999 	 2.87053702999999 	 4.57571297 	 2.88069242999999 	 4.56555757 	 3.20337663999999 	 3.21353203999999 			-0.33283961 	 1.43974436999999 	 1.76363227 	 1.55946297000001 	 1.76363227 	 0.65363227 	-0.65363227 
Re	-1.03139573 	-13.80153323 	-11.58097151 	-24.0045064 	-24.00411783 	-1.9387575 	-3.10332578 	-4.69548067 	 12.14173067 	-4.6950921 	 12.1413421 	-2.75672317 	-2.75633459999999 			-1.9387575 	-1.16456828 	-1.59215489 	 9.12548067 	 9.12548067 	 8.01548067 	-8.01548067 
Rh	-0.97985001 	-11.98797404 	-7.38011666 	-16.32350621 	-16.48519063 	-0.17674403 	 1.04598334999999 	 2.93397379999999 	 4.5122762 	 2.77228937999999 	 4.67396062 	 3.11071782999999 	 2.94903340999999 			-0.17674403 	 1.22272737999999 	 1.88799045 	 1.49602620000001 	 1.88799045 	 0.77799045 	-0.77799045 
Rh_pv	-0.99976276 	-11.99263739 	-7.40038292 	-16.33683297 	-16.49839955 	-0.161494630000001 	 1.04562983999999 	 2.94055978999999 	 4.50569021 	 2.77899320999999 	 4.66725679 	 3.10205442 	 2.94048784 			-0.161494630000001 	 1.20712446999999 	 1.89492995 	 1.48944021000001 	 1.89492995 	 0.78492995 	-0.78492995 
Ru	-0.49795076 	-12.29019454 	-8.66802814 	-17.21823657 	-21.40310776 	-0.96086378 	-0.723827380000001 	 1.55734418999999 	 5.88890580999999 	-2.627527 	 10.073777 	 2.51820796999999 	-1.66666322 			-0.96086378 	 0.237036399999999 	 2.28117156999999 	 2.87265581000001 	 2.87265581000001 	 1.76265581000001 	-1.76265581000001 
Ru_pv	-0.50888552 	-12.32246866 	-8.76701049 	-17.30979295 	-21.42260013 	-0.982203140000001 	-0.811874970000001 	 1.47672256999999 	 5.96952742999999 	-2.63608461 	 10.08233461 	 2.45892571 	-1.65388147 			-0.982203140000001 	 0.17032817 	 2.28859753999999 	 2.95327743000001 	 2.95327743000001 	 1.84327743000001 	-1.84327743000001 
Ru_sv	-0.55352588 	-12.3950742 	-8.8700225 	-17.42091256 	-21.54454064 	-1.01016832 	-0.870246619999999 	 1.41024331999999 	 6.03600668 	-2.71338476 	 10.15963476 	 2.42041163999999 	-1.70321644 			-1.01016832 	 0.139921700000001 	 2.28048993999999 	 3.01975668000001 	 3.01975668000001 	 1.90975668000001 	-1.90975668000001 
Sb	-0.09284828 	-11.74692503 	-7.76457719 	-15.93000823 	-15.73674481 	-0.82269675 	-0.22547891 	 2.44047004999999 	 5.00577995 	 2.63373346999999 	 4.81251653 	 3.26316679999999 	 3.45643021999999 			-0.82269675 	 0.59721784 	 2.66594895999999 	 1.98952995000001 	 2.66594895999999 	 1.55594895999999 	-1.55594895999999 
Sc_sv	-1.76819813 	-14.87219831 	-11.38020478 	-24.02061133 	-24.02083956 	-2.27262018 	-2.16575665 	-3.9747832 	 11.4210332 	-3.97501142999999 	 11.42126143 	-1.70216302 	-1.70239124999999 			-2.27262018 	 0.10686353 	-1.80902655 	 8.4047832 	 8.4047832 	 7.2947832 	-7.2947832 
Sn	-0.07567813 	-12.05517015 	-8.52494091 	-17.82019883 	-17.81950945 	-1.14811202 	-1.00301278 	 0.533109299999999 	 6.9131407 	 0.533798679999996 	 6.91245132 	 1.68122132 	 1.68191069999999 			-1.14811202 	 0.14509924 	 1.53612208 	 3.8968907 	 3.8968907 	 2.7868907 	-2.7868907 
Sn_d	-0.09845436 	-12.05956578 	-8.51220642 	-17.80277498 	-17.8020714 	-1.12973142 	-0.967502060000001 	 0.573309380000001 	 6.87294062 	 0.574012960000001 	 6.87223704 	 1.7030408 	 1.70374438 			-1.12973142 	 0.162229359999999 	 1.54081144 	 3.85669062 	 3.85669062 	 2.74669062 	-2.74669062 
Sr_sv	-0.02888256 	-11.75934671 	-6.69006641 	-15.60877836 	-15.67841423 	-0.899084150000002 	 0.785066149999998 	 2.69773419999999 	 4.7485158 	 2.62809832999999 	 4.81815167 	 3.59681834999999 	 3.52718248 			-0.899084150000002 	 1.6841503 	 1.91266804999999 	 1.73226580000001 	 1.91266804999999 	 0.802668049999992 	-0.802668049999992 
Ta	-2.24448877 	-15.69071828 	-13.63075792 	-26.8643668 	-26.86518482 	-2.61484951 	-3.94001915 	-6.34224803 	 13.78849803 	-6.34306605 	 13.78931605 	-3.72739851999999 	-3.72821654 			-2.61484951 	-1.32516964 	-2.40222888 	 10.77224803 	 10.77224803 	 9.66224803 	-9.66224803 
Tc_pv	-0.26856997 	-12.78457259 	-10.2660966 	-23.00561882 	-23.00546064 	-1.68462262 	-2.55127663 	-4.45941884999999 	 11.90566885 	-4.45926066999999 	 11.90551067 	-2.77479622999999 	-2.77463804999999 			-1.68462262 	-0.86665401 	-1.90814221999999 	 8.88941884999999 	 8.88941884999999 	 7.77941884999999 	-7.77941884999999 
Ti	-1.13643548 	-14.19532812 	-11.00812758 	-23.99908047 	-24.00057525 	-2.22751264 	-2.4254421 	-4.58501499 	 12.03126499 	-4.58650977 	 12.03275977 	-2.35750235 	-2.35899713 			-2.22751264 	-0.19792946 	-2.15957289 	 9.01501499 	 9.01501499 	 7.90501499 	-7.90501499 
Ti_pv	-1.24585687 	-14.39463897 	-11.34226577 	-24.36006672 	-24.36157973 	-2.3174021 	-2.6501589 	-4.83657985 	 12.2828298499999 	-4.83809286 	 12.2843428599999 	-2.51917774999999 	-2.52069075999999 			-2.3174021 	-0.3327568 	-2.18642095 	 9.26657985 	 9.26657985 	 8.15657985 	-8.15657985 
Ti_sv	-1.3204383 	-14.44879802 	-11.42567573 	-24.4538196 	-24.45486878 	-2.29697972 	-2.65898743 	-4.8557513 	 12.3020013 	-4.85680048 	 12.30305048 	-2.55877158 	-2.55982076 			-2.29697972 	-0.36200771 	-2.19676387 	 9.2857513 	 9.2857513 	 8.1757513 	-8.1757513 
V_sv	-0.87091695 	-13.84569468 	-11.04863012 	-23.89808875 	-23.89742622 	-2.14339773 	-2.73146317 	-4.74954179999999 	 12.1957918 	-4.74887927 	 12.19512927 	-2.60614406999999 	-2.60548153999999 			-2.14339773 	-0.58806544 	-2.01807862999999 	 9.17954179999999 	 9.17954179999999 	 8.06954179999999 	-8.06954179999999 
W_sv	-1.66717655 	-14.80383473 	-12.8819645 	-25.60615343 	-25.60628139 	-2.30527818 	-3.76853795 	-5.66134688 	 13.10759688 	-5.66147484 	 13.10772484 	-3.3560687 	-3.35619666 			-2.30527818 	-1.46325977 	-1.89280893 	 10.09134688 	 10.09134688 	 8.98134688 	-8.98134688 
Y_sv	-1.94006263 	-15.5596646 	-11.63281129 	-24.09309194 	-24.09224088 	-2.78822197 	-2.24649866 	-3.87539931 	 11.32164931 	-3.87454825 	 11.32079825 	-1.08717734 	-1.08632627999999 			-2.78822197 	 0.54172331 	-1.62890065 	 8.30539931 	 8.30539931 	 7.19539931 	-7.19539931 
Zn	-0.01041567 	-9.23451778 	-3.56010259 	-13.17263978 	-13.17132284 	 1.60727789 	 3.89656307999999 	 5.11540588999999 	 2.33084411 	 5.11672282999999 	 2.32952717 	 3.50812799999999 	 3.50944493999999 			 1.60727789 	 2.28928518999999 	 1.21884281 	-0.68540588999999 	 2.28928518999999 	 1.17928518999999 	-1.17928518999999 
Zr_sv	-1.40265595 	-14.96097645 	-12.24493368 	-25.23958544 	-25.24124813 	-2.7269405 	-3.39602773 	-5.55929949 	 13.00554949 	-5.56096218 	 13.00721218 	-2.83235898999999 	-2.83402167999999 			-2.7269405 	-0.66908723 	-2.16327176 	 9.98929949 	 9.98929949 	 8.87929949 	-8.87929949 
