element	E_M	E_HO	E_O	E_HOO	E_HOO2	delta_E1(eV)	delta_E2(eV)	delta_E3_HOO(eV)	delta_E4_HOO(eV)	delta_E3_HOO2(eV)	delta_E4_HOO2(eV)	delta_E_HOO−HO(eV)	delta_E_HOO2−HO(eV)									
Ag	-0.03793066 	-10.5676102 	-4.02977775 	-14.64212845 	-14.7920877 	 0.301700459999999 	 3.45440290999999 	 3.67343220999999 	 3.77281778999999 	 3.52347295999999 	 3.92277703999999 	 3.37173175 	 3.2217725 			 0.301700459999999 	 3.15270244999999 	 0.2190293 	 0.75656779000001 	 3.15270244999999 	 2.04270244999999 	-2.04270244999999 
Au	-0.03623153 	-10.57804281 	-4.53237743 	-14.61996838 	-14.90784179 	 0.28956872 	 2.95010409999999 	 3.69389314999999 	 3.75235685 	 3.40601973999999 	 4.04023026 	 3.40432442999999 	 3.11645101999999 			 0.28956872 	 2.66053537999999 	 0.74378905 	 0.73610685000001 	 2.66053537999999 	 1.55053537999999 	-1.55053537999999 
Bi	-0.08407859 	-11.70014613 	-7.41440246 	-15.92473925 	-15.86315592 	-0.78468754 	 0.115926129999999 	 2.43696933999999 	 5.00928066 	 2.49855266999999 	 4.94769733 	 3.22165687999999 	 3.28324020999999 			-0.78468754 	 0.900613669999999 	 2.32104320999999 	 1.99303066000001 	 2.32104320999999 	 1.21104320999999 	-1.21104320999999 
Cd	-0.01340774 	-9.1546453 	-3.22112994 	-13.49923629 	-13.49861585 	 1.69014243999999 	 4.23852779999999 	 4.79180144999999 	 2.65444855 	 4.79242188999999 	 2.65382811 	 3.10165900999999 	 3.10227944999999 			 1.69014243999999 	 2.54838536 	 0.55327365 	-0.36180144999999 	 2.54838536 	 1.43838536 	-1.43838536 
Co	-0.14014606 	-12.34599918 	-7.77050086 	-16.84243266 	-16.84115689 	-1.37447312 	-0.1841048 	 1.57534339999999 	 5.8709066 	 1.57661916999999 	 5.86963083 	 2.94981651999999 	 2.95109228999999 			-1.37447312 	 1.19036832 	 1.75944819999999 	 2.85465660000001 	 2.85465660000001 	 1.74465660000001 	-1.74465660000001 
Co_pv	-0.13958022 	-12.32051729 	-7.7189029 	-16.80152254 	-16.69611195 	-1.34955707 	-0.13307268 	 1.61568767999999 	 5.83056232 	 1.72109826999999 	 5.72515173 	 2.96524474999999 	 3.07065534 			-1.34955707 	 1.21648439 	 1.74876035999999 	 2.81431232000001 	 2.81431232000001 	 1.70431232000001 	-1.70431232000001 
Co_sv	-0.15666329 	-12.40277524 	-7.85191983 	-16.90836889 	-16.82277871 	-1.41473195 	-0.24900654 	 1.5259244 	 5.92032559999999 	 1.61151457999999 	 5.83473542 	 2.94065635 	 3.02624652999999 			-1.41473195 	 1.16572541 	 1.77493094 	 2.9040756 	 2.9040756 	 1.7940756 	-1.7940756 
Cr_pv	-0.49182721 	-13.59659497 	-10.6520569 	-23.63751459 	-23.63628897 	-2.27338776 	-2.71397969 	-4.86805738 	 12.3143073799999 	-4.86683176 	 12.31308176 	-2.59466961999999 	-2.593444 			-2.27338776 	-0.44059193 	-2.15407769 	 9.29805738 	 9.29805738 	 8.18805738 	-8.18805738 
Cu	-0.037768 	-11.42709487 	-5.30649455 	-15.4456474 	-15.5754254 	-0.55794687 	 2.17752344999999 	 2.86975059999999 	 4.5764994 	 2.73997259999999 	 4.7062774 	 3.42769746999999 	 3.29791946999999 			-0.55794687 	 2.73547031999999 	 0.69222715 	 1.56024940000001 	 2.73547031999999 	 1.62547031999999 	-1.62547031999999 
Fe	-0.20302704 	-12.69774567 	-8.6679227 	-17.42458974 	-21.45472575 	-1.66333863 	-1.01864566 	 1.05606729999999 	 6.39018269999999 	-2.97406871 	 10.42031871 	 2.71940592999999 	-1.31073008 			-1.66333863 	 0.64469297 	 2.07471295999999 	 3.37393270000001 	 3.37393270000001 	 2.26393270000001 	-2.26393270000001 
Fe_pv	-0.20375117 	-12.71606004 	-8.72791688 	-17.46588423 	-21.56252419 	-1.68092887 	-1.07791571 	 1.01549693999999 	 6.43075306 	-3.08114302 	 10.52739302 	 2.69642580999999 	-1.40021415 			-1.68092887 	 0.60301316 	 2.09341264999999 	 3.41450306000001 	 3.41450306000001 	 2.30450306000001 	-2.30450306000001 
Fe_sv	-0.22066645 	-12.78400859 	-8.82848597 	-17.56290158 	-21.69969337 	-1.73196214 	-1.16156952 	 0.935394869999999 	 6.51085512999999 	-3.20139692 	 10.64764692 	 2.66735701 	-1.46943478 			-1.73196214 	 0.57039262 	 2.09696439 	 3.49460513 	 3.49460513 	 2.38460513 	-2.38460513 
Ga	-0.05634861 	-12.93227315 	-6.47922239 	-16.87233508 	-16.98887804 	-2.04454454 	 1.02337621999999 	 1.46164353 	 5.98460646999999 	 1.34510056999999 	 6.10114942999999 	 3.50618807 	 3.38964511 			-2.04454454 	 3.06792075999999 	 0.43826731000001 	 2.96835647 	 3.06792075999999 	 1.95792075999999 	-1.95792075999999 
Hf	-2.7044976 	-16.86304435 	-14.48766265 	-27.00632048 	-27.00711858 	-3.32716675 	-4.33691505 	-6.02419288 	 13.47044288 	-6.02499098 	 13.47124098 	-2.69702613 	-2.69782423 			-3.32716675 	-1.0097483 	-1.68727783 	 10.45419288 	 10.45419288 	 9.34419288 	-9.34419288 
Hg	-0.01132788 	-8.34378717 	-2.44196732 	-13.03924863 	-13.03879351 	 2.49892070999999 	 5.01561055999999 	 5.24970924999999 	 2.19654075 	 5.25016436999999 	 2.19608563 	 2.75078854 	 2.75124366 			 2.49892070999999 	 2.51668985 	 0.23409869 	-0.81970924999999 	 2.51668985 	 1.40668985 	-1.40668985 
In_d	-0.07158507 	-12.43236585 	-5.9097606 	-16.45147169 	-16.53543395 	-1.52940078 	 1.60807446999999 	 1.89774337999999 	 5.54850662 	 1.81378111999999 	 5.63246888 	 3.42714415999999 	 3.34318189999999 			-1.52940078 	 3.13747524999999 	 0.28966891 	 2.53225662000001 	 3.13747524999999 	 2.02747524999999 	-2.02747524999999 
Ir	-0.14560964 	-12.40727276 	-8.5923919 	-17.30532547 	-17.30967018 	-1.43028312 	-1.00053226 	 1.11791416999999 	 6.32833583 	 1.11356945999999 	 6.33268054 	 2.54819728999999 	 2.54385257999999 			-1.43028312 	 0.42975086 	 2.11844642999999 	 3.31208583000001 	 3.31208583000001 	 2.20208583000001 	-2.20208583000001 
Mn_pv	-0.31409671 	-13.12577151 	-9.7279783 	-22.64374389 	-22.64246045 	-1.9802948 	-1.96763159 	-4.05201718 	 11.49826718 	-4.05073374 	 11.49698374 	-2.07172237999999 	-2.07043894 			-1.9802948 	 1.26632099999999E-02 	-2.08438559 	 8.48201718 	 8.48201718 	 7.37201718 	-7.37201718 
Mo_sv	-0.26025103 	-13.65382086 	-11.45505163 	-24.41081936 	-24.42293012 	-2.56218983 	-3.7485506 	-5.87293833 	 13.31918833 	-5.88504909 	 13.33129909 	-3.3107485 	-3.32285926 			-2.56218983 	-1.18636077 	-2.12438773 	 10.30293833 	 10.30293833 	 9.19293833 	-9.19293833 
Nb_pv	-0.66148721 	-14.26191818 	-11.78820069 	-25.14531525 	-25.14640175 	-2.76905097 	-3.68046348 	-6.20619804 	 13.65244804 	-6.20728454 	 13.6535345399999 	-3.43714707 	-3.43823356999999 			-2.76905097 	-0.91141251 	-2.52573456 	 10.63619804 	 10.63619804 	 9.52619804 	-9.52619804 
Ni	-0.09924938 	-11.97897408 	-6.76233277 	-16.3296253 	-16.32877205 	-1.0483447 	 0.783166609999998 	 2.04725407999999 	 5.39899592 	 2.04810732999999 	 5.39814267 	 3.09559877999999 	 3.09645202999999 			-1.0483447 	 1.83151131 	 1.26408746999999 	 2.38274592000001 	 2.38274592000001 	 1.27274592000001 	-1.27274592000001 
Ni_pv	-0.09600507 	-11.99904744 	-6.79551524 	-16.34918473 	-16.25527413 	-1.07166237 	 0.746739829999999 	 2.02445033999999 	 5.42179966 	 2.11836093999999 	 5.32788906 	 3.09611270999999 	 3.19002330999999 			-1.07166237 	 1.8184022 	 1.27771050999999 	 2.40554966000001 	 2.40554966000001 	 1.29554966000001 	-1.29554966000001 
Os	-0.45569507 	-13.23332385 	-10.36536643 	-18.60360116 	-23.38868301 	-1.94624878 	-2.46342136 	 0.129723909999999 	 7.31652609 	-4.65535794 	 12.10160794 	 2.07597269 	-2.70910916 			-1.94624878 	-0.51717258 	 2.59314527 	 4.30027609 	 4.30027609 	 3.19027609 	-3.19027609 
Os_pv	-0.47098718 	-13.27638323 	-10.50244894 	-18.68462519 	-23.44237679 	-1.97401605 	-2.58521176 	 6.39919900000016E-02 	 7.38225800999999 	-4.69375961 	 12.14000961 	 2.03800804 	-2.71974355999999 			-1.97401605 	-0.61119571 	 2.64920375 	 4.36600801 	 4.36600801 	 3.25600801 	-3.25600801 
Pb	-0.07346842 	-11.97502198 	-8.07581249 	-16.15840841 	-16.1571906 	-1.07017356 	-0.556094070000002 	 2.19269000999999 	 5.25355999 	 2.19390781999999 	 5.25234218 	 3.26286357 	 3.26408138 			-1.07017356 	 0.514079489999998 	 2.74878407999999 	 2.23730999000001 	 2.74878407999999 	 1.63878407999999 	-1.63878407999999 
Pd	-1.47431107 	-11.77457439 	-6.1076627 	-16.19830822 	-16.38532734 	 0.53111668 	 2.81289836999999 	 3.55363284999999 	 3.89261715 	 3.36661372999999 	 4.07963627 	 3.02251616999999 	 2.83549704999999 			 0.53111668 	 2.28178168999999 	 0.74073448 	 0.87636715000001 	 2.28178168999999 	 1.17178168999999 	-1.17178168999999 
Pd_pv	-1.49667175 	-11.77749319 	-6.10858227 	-16.20141851 	-16.38876707 	 0.550558559999998 	 2.83433947999999 	 3.57288323999999 	 3.87336675999999 	 3.38553467999999 	 4.06071532 	 3.02232468 	 2.83497612 			 0.550558559999998 	 2.28378091999999 	 0.73854376 	 0.85711676000001 	 2.28378091999999 	 1.17378091999999 	-1.17378091999999 
Pt	-0.1865349 	-11.64746721 	-6.77693957 	-16.15085264 	-16.16448071 	-0.629552310000001 	 0.855845329999999 	 2.31331225999999 	 5.13293774 	 2.29968418999999 	 5.14656581 	 2.94286456999999 	 2.9292365 			-0.629552310000001 	 1.48539764 	 1.45746692999999 	 2.11668774000001 	 2.11668774000001 	 1.00668774000001 	-1.00668774000001 
Pt_pv	-0.17981507 	-11.69197753 	-6.86323289 	-16.21046876 	-16.22149966 	-0.680782460000001 	 0.762832179999999 	 2.24697630999999 	 5.19927369 	 2.23594540999999 	 5.21030459 	 2.92775876999999 	 2.91672787 			-0.680782460000001 	 1.44361464 	 1.48414412999999 	 2.18302369000001 	 2.18302369000001 	 1.07302369000001 	-1.07302369000001 
Re	-1.06123795 	-14.13728361 	-11.93136202 	-24.68884258 	-24.68720835 	-2.24466566 	-3.42387407 	-5.34997463 	 12.79622463 	-5.3483404 	 12.7945903999999 	-3.10530897 	-3.10367474 			-2.24466566 	-1.17920841 	-1.92610056 	 9.77997463 	 9.77997463 	 8.66997463 	-8.66997463 
Rh	-0.94761004 	-12.27976877 	-7.6854047 	-17.05737437 	-17.05818317 	-0.50077873 	 0.708455339999998 	 2.16786566999999 	 5.27838433 	 2.16705686999999 	 5.27919312999999 	 2.66864439999999 	 2.6678356 			-0.50077873 	 1.20923407 	 1.45941032999999 	 2.26213433000001 	 2.26213433000001 	 1.15213433000001 	-1.15213433000001 
Rh_pv	-0.96689785 	-12.28770657 	-7.70578326 	-16.91432241 	-17.07403731 	-0.489428719999999 	 0.707364589999999 	 2.33020543999999 	 5.11604456 	 2.17049053999999 	 5.27575946 	 2.81963415999999 	 2.65991925999999 			-0.489428719999999 	 1.19679331 	 1.62284084999999 	 2.09979456000001 	 2.09979456000001 	 0.98979456000001 	-0.98979456000001 
Ru	-0.47133381 	-12.58672968 	-8.98837296 	-17.7649691 	-22.09058318 	-1.28401586999999 	-1.07078914999999 	 0.983994710000001 	 6.46225528999999 	-3.34161937 	 10.78786937 	 2.26801058 	-2.0576035 			-1.28401586999999 	 0.21322672 	 2.05478385999999 	 3.44600529 	 3.44600529 	 2.33600529 	-2.33600529 
Ru_pv	-0.48154151 	-12.62224826 	-9.09226601 	-17.86046284 	-22.11155396 	-1.30932675 	-1.1644745 	 0.898708669999997 	 6.54754133 	-3.35238245 	 10.79863245 	 2.20803541999999 	-2.0430557 			-1.30932675 	 0.14485225 	 2.06318317 	 3.53129133 	 3.53129133 	 2.42129133 	-2.42129133 
Ru_sv	-0.52602316 	-12.69606198 	-9.19831634 	-17.97330003 	-22.23703305 	-1.33865882 	-1.22604318 	 0.830353129999998 	 6.61589687 	-3.43337989 	 10.87962989 	 2.16901195 	-2.09472107 			-1.33865882 	 0.11261564 	 2.05639631 	 3.59964687 	 3.59964687 	 2.48964687 	-2.48964687 
Sb	-0.09276114 	-12.0264798 	-8.03601351 	-16.42984645 	-16.2566516 	-1.10233866 	-0.49700237 	 1.94054468999999 	 5.50570531 	 2.11373953999999 	 5.33251046 	 3.04288335 	 3.21607819999999 			-1.10233866 	 0.60533629 	 2.43754705999999 	 2.48945531000001 	 2.48945531000001 	 1.37945531000001 	-1.37945531000001 
Sc_sv	-1.77581872 	-15.17033954 	-11.63814823 	-24.54227378 	-24.54296005 	-2.56314082 	-2.41607951 	-4.48882506 	 11.9350750599999 	-4.48951133 	 11.93576133 	-1.92568423999999 	-1.92637051 			-2.56314082 	 0.14706131 	-2.07274555 	 8.91882506 	 8.91882506 	 7.80882506 	-7.80882506 
Sn	-0.07704514 	-12.32401234 	-8.79129783 	-16.49441349 	-18.33628317 	-1.4155872 	-1.26800269 	 1.86026164999999 	 5.58598835 	 1.83919699999961E-02 	 7.42785803 	 3.27584884999999 	 1.43397916999999 			-1.4155872 	 0.14758451 	 3.12826433999999 	 2.56973835000001 	 3.12826433999999 	 2.01826433999999 	-2.01826433999999 
Sn_d	-0.09992565 	-12.32917519 	-8.78050555 	-16.49808337 	-18.32356155 	-1.39786954 	-1.2343299 	 1.87947227999999 	 5.56677772 	 0.053994099999997 	 7.3922559 	 3.27734182 	 1.45186363999999 			-1.39786954 	 0.16353964 	 3.11380217999999 	 2.55052772000001 	 3.11380217999999 	 2.00380217999999 	-2.00380217999999 
Sr_sv	-0.02824815 	-11.98492033 	-6.91815675 	-16.17141892 	-16.17023648 	-1.12529218 	 0.556341399999999 	 2.13445922999999 	 5.31179077 	 2.13564166999999 	 5.31060833 	 3.25975140999999 	 3.26093384999999 			-1.12529218 	 1.68163358 	 1.57811782999999 	 2.29554077000001 	 2.29554077000001 	 1.18554077000001 	-1.18554077000001 
Ta	-2.2288841 	-16.00398317 	-13.9669338 	-27.51789799 	-27.51843542 	-2.94371907 	-4.2917997 	-7.01138389 	 14.45763389 	-7.01192132 	 14.4581713199999 	-4.06766481999999 	-4.06820225 			-2.94371907 	-1.34808063 	-2.71958419 	 11.44138389 	 11.44138389 	 10.33138389 	-10.33138389 
Tc_pv	-0.20359473 	-13.08498064 	-10.59981831 	-23.66020872 	-23.65853521 	-2.05000590999999 	-2.94997358 	-5.17898399 	 12.62523399 	-5.17731048 	 12.62356048 	-3.12897808 	-3.12730457 			-2.05000590999999 	-0.89996767000001 	-2.22901041 	 9.60898399 	 9.60898399 	 8.49898399 	-8.49898399 
Ti	-1.13129524 	-14.49319102 	-11.29036375 	-24.57202912 	-24.57219974 	-2.53051578 	-2.71281851 	-5.16310388 	 12.60935388 	-5.1632745 	 12.6095245 	-2.6325881 	-2.63275872 			-2.53051578 	-0.18230273 	-2.45028537 	 9.59310388 	 9.59310388 	 8.48310388 	-8.48310388 
Ti_pv	-1.22965401 	-14.68552414 	-11.6281061 	-24.93566587 	-24.93634652 	-2.62449013 	-2.95220209 	-5.42838186 	 12.87463186 	-5.42906251 	 12.87531251 	-2.80389173 	-2.80457237999999 			-2.62449013 	-0.32771196 	-2.47617977 	 9.85838186 	 9.85838186 	 8.74838186 	-8.74838186 
Ti_sv	-1.27555796 	-14.73586069 	-11.7093644 	-25.02563498 	-25.02651353 	-2.62892273 	-2.98755644 	-5.47244702 	 12.91869702 	-5.47332557 	 12.91957557 	-2.84352428999999 	-2.84440283999999 			-2.62892273 	-0.35863371 	-2.48489058 	 9.90244702 	 9.90244702 	 8.79244702 	-8.79244702 
V_sv	-0.801621 	-14.13140627 	-11.31675731 	-24.49017472 	-24.48909375 	-2.49840526999999 	-3.06888631 	-5.41092371999999 	 12.8571737199999 	-5.40984274999999 	 12.8560927499999 	-2.91251845 	-2.91143748 			-2.49840526999999 	-0.57048104000001 	-2.34203740999999 	 9.84092371999999 	 9.84092371999999 	 8.73092371999999 	-8.73092371999999 
W_sv	-1.6802239 	-15.13557355 	-13.21439592 	-26.24547052 	-26.24488116 	-2.62396965 	-4.08792202 	-6.28761662 	 13.73386662 	-6.28702725999999 	 13.73327726 	-3.66364697 	-3.66305760999999 			-2.62396965 	-1.46395237 	-2.1996946 	 10.71761662 	 10.71761662 	 9.60761662 	-9.60761662 
Y_sv	-1.94973156 	-15.8762572 	-11.89683074 	-24.60872793 	-24.60869044 	-3.09514564 	-2.50084918 	-4.38136637 	 11.82761637 	-4.38132888 	 11.82757888 	-1.28622073 	-1.28618324 			-3.09514564 	 0.59429646 	-1.88051719 	 8.81136637 	 8.81136637 	 7.70136637 	-7.70136637 
Zn	-0.01074649 	-9.48231876 	-3.79947235 	-13.67149766 	-13.66951236 	 1.35980773 	 3.65752413999999 	 4.61687882999999 	 2.82937117 	 4.61886412999999 	 2.82738587 	 3.25707109999999 	 3.25905639999999 			 1.35980773 	 2.29771640999999 	 0.959354690000001 	-0.186878829999991 	 2.29771640999999 	 1.18771640999999 	-1.18771640999999 
Zr_sv	-1.3870828 	-15.27626219 	-12.57571821 	-25.82435029 	-25.82565741 	-3.05779939 	-3.74238541 	-6.15963749 	 13.60588749 	-6.16094461 	 13.60719461 	-3.1018381 	-3.10314522 			-3.05779939 	-0.68458602 	-2.41725208 	 10.58963749 	 10.58963749 	 9.47963749 	-9.47963749 
