element	E_M	E_HO	E_O	E_HOO	E_HOO2	ΔE1(eV)	ΔE2(eV)	ΔE3_HOO(eV)	ΔE4_HOO(eV)	ΔE3_HOO2(eV)	ΔE4_HOO2(eV)	ΔE_HOO−HO(eV)	ΔE_HOO2−HO(eV)									
Ag	-0.1984854 	-10.56760709 	-4.50327243 	-14.64214191 	-14.79210674 	 0.46225831 	 3.14146297 	 3.83397349 	 3.61227651 	 3.68400866 	 3.76224134 	 3.37171518 	 3.22175035 			 0.46225831 	 2.67920466 	 0.69251052 	 0.59602651 	 2.67920466 	 1.56920466 	-1.56920466 
Au	-0.18516521 	-10.57804293 	-4.85082837 	-14.61996867 	-14.90796933 	 0.43850228 	 2.78058684 	 3.84282654 	 3.60342346 	 3.55482588 	 3.89142412 	 3.40432426 	 3.1163236 			 0.43850228 	 2.34208456 	 1.0622397 	 0.58717346 	 2.34208456 	 1.23208456 	-1.23208456 
Bi	-1.32504069 	-12.30245304 	-7.57125408 	-16.37199452 	-16.40963605 	-0.14603235 	 1.20003661 	 3.23067617 	 4.21557383 	 3.19303464 	 4.25321536 	 3.37670852 	 3.33906699 			-0.14603235 	 1.34606896 	 2.03063956 	 1.19932383 	 2.03063956 	 0.92063956 	-0.92063956 
Cd	-0.01340774 	-9.36236769 	-3.28799982 	-13.68743269 	-13.68652752 	 1.48242005 	 4.17165792 	 4.60360505 	 2.84264495 	 4.60451022 	 2.84173978 	 3.121185 	 3.12209017 			 1.48242005 	 2.68923787 	 0.431947129999999 	-0.17360505 	 2.68923787 	 1.57923787 	-1.57923787 
Co	-1.85749803 	-13.50447018 	-8.9931501 	-17.77390346 	-17.8039851 	-0.81559215 	 0.31059793 	 2.36122457 	 5.08502543 	 2.33114293 	 5.11510707 	 3.17681672 	 3.14673508 			-0.81559215 	 1.12619008 	 2.05062664 	 2.06877543 	 2.06877543 	 0.95877543 	-0.95877543 
Co_pv	-1.70869285 	-13.43223266 	-8.91296682 	-17.70471656 	-17.73229704 	-0.89215981 	 0.24197603 	 2.28160629 	 5.16464371 	 2.25402581 	 5.19222419 	 3.1737661 	 3.14618562 			-0.89215981 	 1.13413584 	 2.03963026 	 2.14839371 	 2.14839371 	 1.03839371 	-1.03839371 
Co_sv	-1.78626404 	-13.57299987 	-9.06456097 	-17.84796615 	-17.87410702 	-0.95535583 	 0.16795307 	 2.21592789 	 5.23032211 	 2.18978702 	 5.25646298 	 3.17128372 	 3.14514285 			-0.95535583 	 1.1233089 	 2.04797482 	 2.21407211 	 2.21407211 	 1.10407211 	-1.10407211 
Cr_pv	-5.44397223 	-17.10635416 	-12.64917806 	-21.20603971 	-21.31388262 	-0.83100193 	 0.24104417 	 2.51556252 	 4.93068748 	 2.40771961 	 5.03853039 	 3.34656445 	 3.23872154 			-0.83100193 	 1.0720461 	 2.27451835 	 1.91443748 	 2.27451835 	 1.16451835 	-1.16451835 
Cu	-0.24242058 	-11.42709503 	-5.61181226 	-15.44564761 	-15.57586248 	-0.35329445 	 2.07685832 	 3.07440297 	 4.37184703 	 2.9441881 	 4.5020619 	 3.42769742 	 3.29748255 			-0.35329445 	 2.43015277 	 0.99754465 	 1.35559703 	 2.43015277 	 1.32015277 	-1.32015277 
Fe	-3.2983 	-14.973465 	-10.751182 	-18.981457 	-22.42079 	-11.675165 	-7.452882 	-15.683157 	 20.113157 	-19.12249 	 27.04224077 	-4.007992 	 6.06746472 			-11.675165 	 4.222283 	-8.230275 	 20.113157 	 20.113157 	 19.003157 	-19.003157 
Fe_pv	-3.203462 	-14.823656 	-10.702284 	-18.882064 	-22.43405 	-11.620194 	-7.498822 	-15.678602 	 20.108602 	-16.13629763 	 27.29313082 	-4.058408 	 5.83168961 			-11.620194 	 4.121372 	-8.17978 	 20.108602 	 20.108602 	 18.998602 	-18.998602 
Fe_sv	-3.238434 	-14.900499 	-10.81032 	-18.951177 	-22.561913 	-11.662065 	-7.571886 	-15.712743 	 20.142743 	-16.68735672 	 30.35299251 	-4.050678 	 3.21186059 			-11.662065 	 4.090179 	-8.140857 	 20.142743 	 20.142743 	 19.032743 	-19.032743 
Ga	-0.22439334 	-12.93227387 	-6.81105995 	-16.87233505 	-16.9887986 	-1.87650053 	 0.85958339 	 1.62968829 	 5.81656171 	 1.51322474 	 5.93302526 	 3.50618882 	 3.38972527 			-1.87650053 	 2.73608392 	 0.7701049 	 2.80031171 	 2.80031171 	 1.69031171 	-1.69031171 
Hf	-3.33172859 	-17.18384344 	-14.48766257 	-27.28389281 	-27.28470513 	-3.02073485 	-3.70968398 	-5.67453422 	 13.12078422 	-5.67534654 	 13.12159654 	-2.65379937 	-2.65461169 			-3.02073485 	-0.68894913 	-1.96485024 	 10.10453422 	 10.10453422 	 8.99453422 	-8.99453422 
Hg	-0.01132792 	-8.59487708 	-2.54169968 	-13.36703684 	-13.36595136 	 2.24783084 	 4.91587824 	 4.92192108 	 2.52432892 	 4.92300656 	 2.52324344 	 2.67409024 	 2.67517572 			 2.24783084 	 2.6680474 	 6.0428400000001E-03 	-0.49192108 	 2.6680474 	 1.5580474 	-1.5580474 
In_d	-0.21667083 	-12.43236172 	-6.24265023 	-16.45188323 	-16.53544115 	-1.38431089 	 1.4202706 	 2.0424176 	 5.4038324 	 1.95885968 	 5.48739032 	 3.42672849 	 3.34317057 			-1.38431089 	 2.80458149 	 0.622147 	 2.3875824 	 2.80458149 	 1.69458149 	-1.69458149 
Ir	-1.50545454 	-13.12769313 	-9.07715708 	-17.62639858 	-17.67438339 	-0.79085859 	-0.12545254 	 2.15668596 	 5.28956404 	 2.10870115 	 5.33754885 	 2.94754455 	 2.89955974 			-0.79085859 	 0.66540605 	 2.2821385 	 2.27331404 	 2.2821385 	 1.1721385 	-1.1721385 
Mn_pv	-5.14995521 	-16.41303088 	-12.46031019 	-20.78977229 	-24.28970652 	-0.43169567 	 0.13589502 	 2.63781292 	 4.80843708 	-0.86212131 	 8.30837131 	 3.06950859 	-0.43042564 			-0.43169567 	 0.56759069 	 2.5019179 	 1.79218708 	 2.5019179 	 1.3919179 	-1.3919179 
Mo_sv	-4.64512466 	-16.34558154 	-12.60097643 	-20.50824072 	-20.60305463 	-0.86907688 	-0.50960177 	 2.41451394 	 5.03173606 	 2.31970003 	 5.12654997 	 3.28359082 	 3.18877691 			-0.86907688 	 0.35947511 	 2.92411571 	 2.01548606 	 2.92411571 	 1.81411571 	-1.81411571 
Nb_pv	-3.15195094 	-15.85660564 	-13.08549497 	-25.67055112 	-25.66870755 	-1.8732747 	-2.48729403 	-4.24097018 	 11.68722018 	-4.23912661 	 11.68537661 	-2.36769548 	-2.36585191 			-1.8732747 	-0.61401933 	-1.75367615 	 8.67097018 	 8.67097018 	 7.56097018 	-7.56097018 
Ni	-0.63694332 	-12.3276651 	-7.58691209 	-16.63592077 	-16.53815793 	-0.85934178 	 0.49628123 	 2.27865255 	 5.16759745 	 2.37641539 	 5.06983461 	 3.13799433 	 3.23575717 			-0.85934178 	 1.35562301 	 1.78237132 	 2.15134745 	 2.15134745 	 1.04134745 	-1.04134745 
Ni_pv	-0.62920352 	-12.3336457 	-7.60893409 	-16.64635678 	-16.55138185 	-0.87306218 	 0.46651943 	 2.26047674 	 5.18577326 	 2.35545167 	 5.09079833 	 3.13353892 	 3.22851385 			-0.87306218 	 1.33958161 	 1.79395731 	 2.16952326 	 2.16952326 	 1.05952326 	-1.05952326 
Pb	-0.62277271 	-12.22022734 	-8.07581257 	-16.3929347 	-16.39085704 	-0.76607463 	-0.00678986 	 2.50746801 	 4.93878199 	 2.50954567 	 4.93670433 	 3.27354264 	 3.2756203 			-0.76607463 	 0.75928477 	 2.51425787 	 1.92253199 	 2.51425787 	 1.40425787 	-1.40425787 
Pd	-1.47431112 	-11.94803135 	-6.75351601 	-16.52866791 	-16.53053284 	 0.35765977 	 2.16704511 	 3.22327321 	 4.22297679 	 3.22140828 	 4.22484172 	 2.86561344 	 2.86374851 			 0.35765977 	 1.80938534 	 1.0562281 	 1.20672679 	 1.80938534 	 0.69938534 	-0.69938534 
Pd_pv	-1.49667174 	-11.95363559 	-6.75560361 	-16.36959613 	-16.53544002 	 0.37441615 	 2.18731813 	 3.40470561 	 4.04154439 	 3.23886172 	 4.20738828 	 3.03028946 	 2.86444557 			 0.37441615 	 1.81290198 	 1.21738748 	 1.02529439 	 1.81290198 	 0.70290198 	-0.70290198 
Pt	-0.55587826 	-11.90852535 	-7.50319807 	-16.38356772 	-16.39427353 	-0.52126709 	 0.49893019 	 2.44994054 	 4.99630946 	 2.43923473 	 5.00701527 	 2.97120763 	 2.96050182 			-0.52126709 	 1.02019728 	 1.95101035 	 1.98005946 	 1.98005946 	 0.87005946 	-0.87005946 
Pt_pv	-0.59602694 	-11.95441253 	-7.58125802 	-16.44023812 	-16.44899702 	-0.52700559 	 0.46101892 	 2.43341882 	 5.01283118 	 2.42465992 	 5.02159008 	 2.96042441 	 2.95166551 			-0.52700559 	 0.98802451 	 1.9723999 	 1.99658118 	 1.99658118 	 0.88658118 	-0.88658118 
Re	-4.60936517 	-16.11814093 	-12.31493922 	-25.27447168 	-25.52522634 	-0.67739576 	-0.25932405 	-2.38747651 	 9.83372651 	-2.63823117 	 10.08448117 	-1.71008075 	-1.96083541 			-0.67739576 	 0.41807171 	-2.12815246 	 6.81747651 	 6.81747651 	 5.70747651 	-5.70747651 
Rh	-1.2963337 	-12.88911809 	-8.69110198 	-17.42513143 	-17.45490351 	-0.76140439 	 0.05148172 	 2.14883227 	 5.29741773 	 2.11906019 	 5.32718981 	 2.91023666 	 2.88046458 			-0.76140439 	 0.81288611 	 2.09735055 	 2.28116773 	 2.28116773 	 1.17116773 	-1.17116773 
Rh_pv	-1.49197846 	-12.87053936 	-8.69434762 	-17.42222167 	-17.4493395 	-0.5471809 	 0.24388084 	 2.34738679 	 5.09886321 	 2.32026896 	 5.12598104 	 2.89456769 	 2.86744986 			-0.5471809 	 0.79106174 	 2.10350595 	 2.08261321 	 2.10350595 	 0.99350595 	-0.99350595 
Sb	-1.43056391 	-12.66539979 	-8.20556907 	-16.68370716 	-16.71090608 	-0.40345588 	 0.67124484 	 3.02448675 	 4.42176325 	 2.99728783 	 4.44896217 	 3.42794263 	 3.40074371 			-0.40345588 	 1.07470072 	 2.35324191 	 1.40551325 	 2.35324191 	 1.24324191 	-1.24324191 
Sc_sv	-2.03360523 	-15.30051989 	-11.84212572 	-24.54240336 	-24.54131413 	-2.43553466 	-2.36227049 	-4.23116813 	 11.67741813 	-4.2300789 	 11.6763289 	-1.79563347 	-1.79454424 			-2.43553466 	 7.32641700000003E-02 	-1.86889764 	 8.66116813 	 8.66116813 	 7.55116813 	-7.55116813 
Sn	-0.66982854 	-12.59217578 	-8.79129789 	-16.72972303 	-16.72901263 	-1.09096724 	-0.67521935 	 2.21773551 	 5.22851449 	 2.21844591 	 5.22780409 	 3.30870275 	 3.30941315 			-1.09096724 	 0.41574789 	 2.89295486 	 2.21226449 	 2.89295486 	 1.78295486 	-1.78295486 
Sn_d	-0.69953904 	-12.60155079 	-8.78050621 	-16.73656461 	-16.73544477 	-1.07063175 	-0.63471717 	 2.24060443 	 5.20564557 	 2.24172427 	 5.20452573 	 3.31123618 	 3.31235602 			-1.07063175 	 0.43591458 	 2.8753216 	 2.18939557 	 2.8753216 	 1.7653216 	-1.7653216 
Sr_sv	-0.02824817 	-12.14187134 	-6.91815675 	-16.26285306 	-16.3277738 	-1.28224317 	 0.55634142 	 2.04302511 	 5.40322489 	 1.97810437 	 5.46814563 	 3.32526828 	 3.26034754 			-1.28224317 	 1.83858459 	 1.48668369 	 2.38697489 	 2.38697489 	 1.27697489 	-1.27697489 
Ta	-3.4864869 	-16.77880663 	-14.32919265 	-27.55791489 	-27.55882688 	-2.46093973 	-3.39645575 	-5.79379799 	 13.24004799 	-5.79470998 	 13.24095998 	-3.33285826 	-3.33377025 			-2.46093973 	-0.93551602 	-2.39734224 	 10.22379799 	 10.22379799 	 9.11379799 	-9.11379799 
Tc_pv	-3.35116746 	-15.1137564 	-11.65361361 	-23.79089072 	-23.79715373 	-0.93120894 	-0.85619615 	-2.16209326 	 9.60834326 	-2.16835627 	 9.61460627 	-1.23088432 	-1.23714733 			-0.93120894 	 7.50127899999999E-02 	-1.30589711 	 6.59209326 	 6.59209326 	 5.48209326 	-5.48209326 
Ti	-2.45024607 	-15.32528231 	-12.06183116 	-24.88571682 	-24.88647098 	-2.04365624 	-2.16533509 	-4.15784075 	 11.60409075 	-4.15859491 	 11.60484491 	-2.11418451 	-2.11493867 			-2.04365624 	-0.12167885 	-1.99250566 	 8.58784075 	 8.58784075 	 7.47784075 	-7.47784075 
Ti_pv	-2.51386004 	-15.4244852 	-12.35829357 	-25.23674048 	-25.23697942 	-2.07924516 	-2.39818353 	-4.44525044 	 11.89150044 	-4.44548938 	 11.89173938 	-2.36600528 	-2.36624422 			-2.07924516 	-0.31893837 	-2.04706691 	 8.87525044 	 8.87525044 	 7.76525044 	-7.76525044 
Ti_sv	-2.39924115 	-15.45732831 	-12.42093538 	-25.32464949 	-25.32114775 	-2.22670716 	-2.57544423 	-4.64777834 	 12.09402834 	-4.6442766 	 12.0905266 	-2.42107118 	-2.41756944 			-2.22670716 	-0.34873707 	-2.07233411 	 9.07777834 	 9.07777834 	 7.96777834 	-7.96777834 
V_sv	-3.59549276 	-16.15471294 	-12.87169335 	-25.11840316 	-25.39529208 	-1.72784018 	-1.82995059 	-3.2452804 	 10.6915304 	-3.52216932 	 10.96841932 	-1.51744022 	-1.79432914 			-1.72784018 	-0.10211041 	-1.41532981 	 7.6752804 	 7.6752804 	 6.5652804 	-6.5652804 
W_sv	-4.57143451 	-16.59003334 	-14.05867231 	-26.98669068 	-26.98485232 	-1.18721883 	-2.0409878 	-4.13762617 	 11.58387617 	-4.13578781 	 11.58203781 	-2.95040734 	-2.94856898 			-1.18721883 	-0.85376897 	-2.09663837 	 8.56762617 	 8.56762617 	 7.45762617 	-7.45762617 
Y_sv	-2.15753516 	-15.87896396 	-12.07574494 	-24.60861417 	-24.60895471 	-2.8900488 	-2.47195978 	-4.17344901 	 11.61969901 	-4.17378955 	 11.62003955 	-1.28340021 	-1.28374075 			-2.8900488 	 0.41808902 	-1.70148923 	 8.60344901 	 8.60344901 	 7.49344901 	-7.49344901 
Zn	-0.01074647 	-9.73822972 	-3.81753833 	-13.72140092 	-13.87142614 	 1.10389675 	 3.63945814 	 4.56697555 	 2.87927445 	 4.41695033 	 3.02929967 	 3.4630788 	 3.31305358 			 1.10389675 	 2.53556139 	 0.927517410000001 	-0.136975550000001 	 2.53556139 	 1.42556139 	-1.42556139 
Zr_sv	-2.24452922 	-15.68762367 	-12.86156589 	-26.09075325 	-26.09127878 	-2.61171445 	-3.17078667 	-5.56859403 	 13.01484403 	-5.56911956 	 13.01536956 	-2.95687958 	-2.95740511 			-2.61171445 	-0.55907222 	-2.39780736 	 9.99859403 	 9.99859403 	 8.88859403 	-8.88859403 
