element	E_M	E_HO	E_O	E_HOO	E_HOO2	delta_E1(eV)	delta_E2(eV)	delta_E3_HOO(eV)	delta_E4_HOO(eV)	delta_E3_HOO2(eV)	delta_E4_HOO2(eV)	delta_E_HOO_HO(eV)	delta_E_HOO2_HO(eV)									
Ag	-0.03793065 	-10.57975391 	-4.03602585 	-14.6794385 	-14.82721556 	 0.289556739999998 	 3.44815479999999 	 3.63612214999999 	 3.81012785 	 3.48834508999999 	 3.95790491 	 3.34656541 	 3.19878834999999 			 0.289556739999998 	 3.15859805999999 	 0.18796735 	 0.79387785000001 	 3.15859805999999 	 2.04859805999999 	-2.04859805999999 
Au	-0.03623154 	-10.59873474 	-4.54602971 	-14.66543883 	-14.94962307 	 0.268876799999999 	 2.93645182999999 	 3.64842270999999 	 3.79782729 	 3.36423846999999 	 4.08201153 	 3.37954590999999 	 3.09536166999999 			 0.268876799999999 	 2.66757502999999 	 0.71197088 	 0.78157729000001 	 2.66757502999999 	 1.55757502999999 	-1.55757502999999 
Bi	-0.08407859 	-11.70880908 	-7.41839844 	-15.95431716 	-15.89357176 	-0.793350489999999 	 0.111930149999999 	 2.40739142999999 	 5.03885857 	 2.46813682999999 	 4.97811317 	 3.20074191999999 	 3.26148731999999 			-0.793350489999999 	 0.905280639999998 	 2.29546127999999 	 2.02260857000001 	 2.29546127999999 	 1.18546127999999 	-1.18546127999999 
Cd	-0.01340774 	-9.16234088 	-3.23679286 	-13.29188874 	-13.52889936 	 1.68244685999999 	 4.22286487999999 	 4.99914899999999 	 2.447101 	 4.76213837999999 	 2.68411162 	 3.31670214 	 3.07969151999999 			 1.68244685999999 	 2.54041802 	 0.776284120000001 	-0.569148999999991 	 2.54041802 	 1.43041802 	-1.43041802 
Co_2	-1.1240621 	-12.49031347 	-7.58326662 	-16.59380333 	-16.66364142 	-0.534871370000001 	 0.987045479999999 	 2.80788876999999 	 4.63836123 	 2.73805067999999 	 4.70819932 	 3.34276013999999 	 3.27292204999999 			-0.534871370000001 	 1.52191685 	 1.82084328999999 	 1.62211123000001 	 1.82084328999999 	 0.710843289999991 	-0.710843289999991 
Co_pv_2	-1.18067378 	-12.4773099 	-7.56754121 	-16.57785296 	-16.64892557 	-0.465256120000001 	 1.05938256999999 	 2.88045081999999 	 4.56579918 	 2.80937820999999 	 4.63687179 	 3.34570693999999 	 3.27463432999999 			-0.465256120000001 	 1.52463868999999 	 1.82106825 	 1.54954918000001 	 1.82106825 	 0.71106825 	-0.71106825 
Co_sv_2	-0.82711864 	-12.04214495 	-7.17751161 	-16.1550299 	-16.21982266 	-0.383646310000001 	 1.09585702999999 	 2.94971874 	 4.49653125999999 	 2.88492598 	 4.56132401999999 	 3.33336505 	 3.26857229 			-0.383646310000001 	 1.47950333999999 	 1.85386171000001 	 1.48028126 	 1.85386171000001 	 0.74386171000001 	-0.74386171000001 
Cr_pv_4	-4.53344385 	-15.80330499 	-10.68220096 	-19.91549169 	-20.02571389 	-0.43848114 	 1.29749289 	 2.89558216 	 4.55066783999999 	 2.78535996 	 4.66089003999999 	 3.3340633 	 3.2238411 			-0.43848114 	 1.73597403 	 1.59808927 	 1.53441784 	 1.73597403 	 0.62597403 	-0.62597403 
Cu	 1.02442147 	-10.2224871 	-3.85516436 	-14.26993588 	-14.37722398 	-0.415528570000001 	 2.56666416999999 	 2.98327264999999 	 4.46297735 	 2.87598454999999 	 4.57026545 	 3.39880121999999 	 3.29151311999999 			-0.415528570000001 	 2.98219273999999 	 0.41660848 	 1.44672735000001 	 2.98219273999999 	 1.87219273999999 	-1.87219273999999 
Fe_3	-2.1444308 	-13.86359204 	-8.85096599 	-17.87201064 	-16.52769111 	-0.88778124 	 0.739714809999998 	 2.55005015999999 	 4.89619984 	 3.89436968999999 	 3.55188031 	 3.4378314 	 4.78215093 			-0.88778124 	 1.62749605 	 1.81033534999999 	 1.87994984000001 	 1.87994984000001 	 0.76994984000001 	-0.76994984000001 
Fe_pv_3	-1.90723585 	-13.78472566 	-8.76341511 	-16.26358723 	-17.92288595 	-1.04610981 	 0.590070739999998 	 3.92127861999999 	 3.52497138 	 2.26197989999999 	 5.1842701 	 4.96738843 	 3.30808970999999 			-1.04610981 	 1.63618055 	 3.33120787999999 	 0.50872138000001 	 3.33120787999999 	 2.22120787999999 	-2.22120787999999 
Fe_sv_3	-1.32479298 	-13.37976853 	-8.41545137 	-17.37088807 	-17.37100305 	-1.22359555 	 0.355591609999999 	 2.23153491 	 5.21471509 	 2.23141993 	 5.21483007 	 3.45513046 	 3.45501548 			-1.22359555 	 1.57918716 	 1.8759433 	 2.19846509 	 2.19846509 	 1.08846509 	-1.08846509 
Ga	-0.05634861 	-12.94206771 	-6.49170476 	-16.90796283 	-17.02313381 	-2.0543391 	 1.01089384999999 	 1.42601578 	 6.02023421999999 	 1.31084479999999 	 6.1354052 	 3.48035488 	 3.36518389999999 			-2.0543391 	 3.06523294999999 	 0.41512193000001 	 3.00398422 	 3.06523294999999 	 1.95523294999999 	-1.95523294999999 
Hf	-2.70594512 	-16.86637374 	-14.50762748 	-27.01716393 	-27.01791551 	-3.32904862 	-4.35543236 	-6.03358881 	 13.47983881 	-6.03434039 	 13.48059039 	-2.70454018999999 	-2.70529177 			-3.32904862 	-1.02638374 	-1.67815645 	 10.46358881 	 10.46358881 	 9.35358881 	-9.35358881 
Hg	-0.01132788 	-8.35342673 	-2.46677192 	-13.06819528 	-13.06807819 	 2.48928114999999 	 4.99080595999999 	 5.22076259999999 	 2.2254874 	 5.22087968999999 	 2.22537031 	 2.73148145 	 2.73159854 			 2.48928114999999 	 2.50152481 	 0.22995664 	-0.79076259999999 	 2.50152481 	 1.39152481 	-1.39152481 
In_d	-0.07158507 	-12.43820153 	-5.91774235 	-16.48437948 	-16.56702895 	-1.53523646 	 1.60009271999999 	 1.86483558999999 	 5.58141441 	 1.78218611999999 	 5.66406388 	 3.40007205 	 3.31742258 			-1.53523646 	 3.13532917999999 	 0.26474287 	 2.56516441000001 	 3.13532917999999 	 2.02532917999999 	-2.02532917999999 
Ir	 1.47324482 	-10.89289698 	-6.8979057 	-15.71076674 	-15.7298662 	-1.5347618 	-0.924900520000001 	 1.09361843999999 	 6.35263156 	 1.07451897999999 	 6.37173102 	 2.62838023999999 	 2.60928077999999 			-1.5347618 	 0.609861279999999 	 2.01851895999999 	 3.33638156000001 	 3.33638156000001 	 2.22638156000001 	-2.22638156000001 
Mn_pv_4	-4.54882826 	-15.81588603 	-10.63548255 	-19.97006435 	-19.97127112 	-0.435677770000001 	 1.35959570999999 	 2.85639390999999 	 4.58985609 	 2.85518713999999 	 4.59106286 	 3.29207167999999 	 3.29086491 			-0.435677770000001 	 1.79527347999999 	 1.4967982 	 1.57360609000001 	 1.79527347999999 	 0.685273479999991 	-0.685273479999991 
Mo_sv_1	-4.64512474 	-16.35502379 	-12.60762003 	-20.54091387 	-25.19060165 	-0.878519050000001 	-0.51624529 	 2.38184086999999 	 5.06440913 	-2.26784691 	 9.71409691 	 3.26035991999999 	-1.38932786 			-0.878519050000001 	 0.362273760000001 	 2.89808615999999 	 2.04815913000001 	 2.89808615999999 	 1.78808615999999 	-1.78808615999999 
Nb_pv	-0.68939323 	-14.27660283 	-11.79957125 	-25.15799504 	-25.15917372 	-2.7558296 	-3.66392802 	-6.19097181 	 13.63722181 	-6.19215048999999 	 13.6384004899999 	-3.43514221 	-3.43632088999999 			-2.7558296 	-0.90809842 	-2.52704379 	 10.62097181 	 10.62097181 	 9.51097181 	-9.51097181 
Ni_1	 2.41932402 	-10.57911305 	-5.218032 	-14.67053902 	-14.73211035 	-2.16705707 	-0.191106020000001 	 1.18776695999999 	 6.25848304 	 1.12619562999999 	 6.32005436999999 	 3.35482402999999 	 3.29325269999999 			-2.16705707 	 1.97595105 	 1.37887297999999 	 3.24223304000001 	 3.24223304000001 	 2.13223304000001 	-2.13223304000001 
Ni_pv_1	 1.11620042 	-9.84604737 	-4.51634265 	-13.93462764 	-14.00352263 	-0.130867790000001 	 1.81370692999999 	 3.22680193999999 	 4.21944806 	 3.15790694999999 	 4.28834305 	 3.35766972999999 	 3.28877473999999 			-0.130867790000001 	 1.94457471999999 	 1.41309501 	 1.20319806000001 	 1.94457471999999 	 0.834574719999991 	-0.834574719999991 
Os	-0.45569513 	-13.25849024 	-10.39842161 	-18.62513748 	-23.41397 	-1.97141511 	-2.49647648 	 0.108187649999997 	 7.33806234999999 	-4.68064487 	 12.12689487 	 2.07960275999999 	-2.70922976 			-1.97141511 	-0.52506137 	 2.60466413 	 4.32181235 	 4.32181235 	 3.21181235 	-3.21181235 
Os_pv	-0.47098715 	-13.29580049 	-10.53294208 	-18.70523054 	-23.46859013 	-1.99343333999999 	-2.61570492999999 	 4.33866099999988E-02 	 7.40286339 	-4.71997298 	 12.16622298 	 2.03681994999999 	-2.72653964 			-1.99343333999999 	-0.62227159 	 2.65909153999999 	 4.38661339 	 4.38661339 	 3.27661339 	-3.27661339 
Pb	-0.07346842 	-11.98340245 	-8.08196398 	-16.18974428 	-16.18962016 	-1.07855403 	-0.56224556 	 2.16135414 	 5.28489586 	 2.16147825999999 	 5.28477174 	 3.23990817 	 3.24003229 			-1.07855403 	 0.51630847 	 2.7235997 	 2.26864586 	 2.7235997 	 1.6135997 	-1.6135997 
Pd	-1.47431107 	-11.78602462 	-6.11242335 	-16.2297515 	-16.41929783 	 0.51966645 	 2.80813771999999 	 3.52218957 	 3.92406042999999 	 3.33264323999999 	 4.11360676 	 3.00252311999999 	 2.81297678999999 			 0.51966645 	 2.28847126999999 	 0.71405185000001 	 0.90781043 	 2.28847126999999 	 1.17847126999999 	-1.17847126999999 
Pd_pv	-1.49667175 	-11.78710059 	-6.11253159 	-16.23058519 	-16.4209057 	 0.540951159999998 	 2.83039015999999 	 3.54371656 	 3.90253343999999 	 3.35339605 	 4.09285394999999 	 3.0027654 	 2.81244489 			 0.540951159999998 	 2.28943899999999 	 0.71332640000001 	 0.88628344 	 2.28943899999999 	 1.17943899999999 	-1.17943899999999 
Pt	-0.18653489 	-11.66920439 	-6.79440288 	-16.19090532 	-16.20448308 	-0.6512895 	 0.838382009999999 	 2.27325957 	 5.17299042999999 	 2.25968181 	 5.18656818999999 	 2.92454907 	 2.91097131 			-0.6512895 	 1.48967151 	 1.43487756 	 2.15674043 	 2.15674043 	 1.04674043 	-1.04674043 
Pt_pv	-0.17981506 	-11.70672661 	-6.87416732 	-16.24153969 	-16.25341728 	-0.695531550000001 	 0.751897739999999 	 2.21590536999999 	 5.23034463 	 2.20402777999999 	 5.24222222 	 2.91143692 	 2.89955932999999 			-0.695531550000001 	 1.44742929 	 1.46400762999999 	 2.21409463000001 	 2.21409463000001 	 1.10409463000001 	-1.10409463000001 
Re	-1.06123794 	-14.15508261 	-11.9457904 	-24.70651325 	-24.70494705 	-2.26246467 	-3.43830246 	-5.36764531 	 12.81389531 	-5.36607911 	 12.81232911 	-3.10518064 	-3.10361444 			-2.26246467 	-1.17583779 	-1.92934285 	 9.79764531 	 9.79764531 	 8.68764531 	-8.68764531 
Rh	-0.94761004 	-12.29066705 	-7.68612886 	-17.08639837 	-17.08699886 	-0.511677009999999 	 0.707731179999998 	 2.13884166999999 	 5.30740833 	 2.13824117999999 	 5.30800882 	 2.65051867999999 	 2.64991818999999 			-0.511677009999999 	 1.21940819 	 1.43111048999999 	 2.29115833000001 	 2.29115833000001 	 1.18115833000001 	-1.18115833000001 
Rh_pv	-0.96689785 	-12.30567451 	-7.71320969 	-16.9449392 	-17.11102553 	-0.507396659999999 	 0.699938159999998 	 2.29958864999999 	 5.14666135 	 2.13350231999999 	 5.31274767999999 	 2.80698530999999 	 2.64089897999999 			-0.507396659999999 	 1.20733482 	 1.59965048999999 	 2.13041135000001 	 2.13041135000001 	 1.02041135000001 	-1.02041135000001 
Ru	-0.47133382 	-12.60468604 	-8.98796032 	-17.77389393 	-22.09635749 	-1.30197222 	-1.0703765 	 0.97506989 	 6.47118011 	-3.34739366999999 	 10.79364367 	 2.27704211 	-2.04542144999999 			-1.30197222 	 0.23159572 	 2.04544639 	 3.45493011 	 3.45493011 	 2.34493011 	-2.34493011 
Ru_pv	-0.48154153 	-12.63799119 	-9.10368852 	-17.87982428 	-22.13272504 	-1.32506966 	-1.17589699 	 0.879347249999998 	 6.56690275 	-3.37355351 	 10.81980351 	 2.20441690999999 	-2.04848385 			-1.32506966 	 0.14917267 	 2.05524424 	 3.55065275 	 3.55065275 	 2.44065275 	-2.44065275 
Ru_sv	-0.52602323 	-12.70835453 	-9.20729162 	-17.9902036 	-22.25440603 	-1.3509513 	-1.23501839 	 0.813449629999997 	 6.63280037 	-3.4507528 	 10.8970028 	 2.16440092999999 	-2.0998015 			-1.3509513 	 0.11593291 	 2.04846802 	 3.61655037 	 3.61655037 	 2.50655037 	-2.50655037 
Sb	-0.09276114 	-12.03469209 	-8.03964988 	-16.44517753 	-16.28157524 	-1.11055095 	-0.500638740000001 	 1.92521361 	 5.52103638999999 	 2.0888159 	 5.35743409999999 	 3.03576456 	 3.19936685 			-1.11055095 	 0.609912209999999 	 2.42585235 	 2.50478639 	 2.50478639 	 1.39478639 	-1.39478639 
Sc_sv	-1.77967594 	-15.1800269 	-11.64244547 	-24.55261744 	-24.5516135 	-2.56897095999999 	-2.41651953 	-4.4953115 	 11.9415614999999 	-4.49430755999999 	 11.9405575599999 	-1.92634054 	-1.92533659999999 			-2.56897095999999 	 0.15245142999999 	-2.07879197 	 8.9253115 	 8.9253115 	 7.8153115 	-7.8153115 
Sn	-0.07704514 	-12.33072677 	-8.79339058 	-16.52147199 	-18.34364809 	-1.42230163 	-1.27009544 	 1.83320314999999 	 5.61304685 	 1.10270499999991E-02 	 7.43522295 	 3.25550478 	 1.43332868 			-1.42230163 	 0.15220619 	 3.10329858999999 	 2.59679685000001 	 3.10329858999999 	 1.99329858999999 	-1.99329858999999 
Sn_d	-0.09992565 	-12.3356841 	-8.78545539 	-16.5247164 	-18.3361702 	-1.40437845 	-1.23927974 	 1.85283924999999 	 5.59341075 	 4.13854499999963E-02 	 7.40486455 	 3.2572177 	 1.44576389999999 			-1.40437845 	 0.16509871 	 3.09211898999999 	 2.57716075000001 	 3.09211898999999 	 1.98211898999999 	-1.98211898999999 
Sr_sv	-0.02824815 	-11.99087227 	-6.91873419 	-16.20287822 	-16.20394516 	-1.13124412 	 0.555763959999998 	 2.10299992999999 	 5.34325007 	 2.10193298999999 	 5.34431701 	 3.23424405 	 3.23317710999999 			-1.13124412 	 1.68700808 	 1.54723596999999 	 2.32700007000001 	 2.32700007000001 	 1.21700007000001 	-1.21700007000001 
Ta	-2.23588308 	-16.01494749 	-13.97347353 	-27.52379579 	-27.52433032 	-2.94768441 	-4.29134045 	-7.01028271 	 14.45653271 	-7.01081724 	 14.45706724 	-4.0625983 	-4.06313283 			-2.94768441 	-1.34365604 	-2.71894226 	 11.44028271 	 11.44028271 	 10.33028271 	-10.33028271 
Tc_pv	-0.15288791 	-13.10137208 	-10.61608131 	-23.67973628 	-23.67791393 	-2.11710417 	-3.0169434 	-5.24921837 	 12.69546837 	-5.24739602 	 12.69364602 	-3.1321142 	-3.13029184999999 			-2.11710417 	-0.89983923 	-2.23227497 	 9.67921837 	 9.67921837 	 8.56921837 	-8.56921837 
Ti	 1.6861609 	-12.02150638 	-8.22631775 	-16.2410237 	-16.2408891 	-2.87628727999999 	-2.46622865 	 0.350445399999998 	 7.0958046 	 0.350579999999997 	 7.09567 	 3.22673267999999 	 3.22686727999999 			-2.87628727999999 	 0.41005862999999 	 2.81667405 	 4.0795546 	 4.0795546 	 2.9695546 	-2.9695546 
Ti_pv	 0.9367735 	-12.18937432 	-8.65382252 	-21.36701479 	-21.3657912 	-2.29476782 	-2.14434602 	-4.02615829 	 11.4724082899999 	-4.0249347 	 11.4711847 	-1.73139047 	-1.73016688 			-2.29476782 	 0.1504218 	-1.88181227 	 8.45615829 	 8.45615829 	 7.34615829 	-7.34615829 
Ti_sv	 0.89026663 	-12.251103 	-8.82416527 	-21.63069595 	-21.62920828 	-2.30998963 	-2.2681819 	-4.24333258 	 11.68958258 	-4.24184491 	 11.68809491 	-1.93334295 	-1.93185528 			-2.30998963 	 4.18077299999999E-02 	-1.97515068 	 8.67333258 	 8.67333258 	 7.56333258 	-7.56333258 
V_sv	 0.43335902 	-12.50258512 	-9.00583792 	-21.78851596 	-21.78878012 	-2.10456414 	-1.99294693999999 	-3.94424498 	 11.39049498 	-3.94450914 	 11.3907591399999 	-1.83968084 	-1.839945 			-2.10456414 	 0.11161720000001 	-1.95129804000001 	 8.37424498 	 8.37424498 	 7.26424498 	-7.26424498 
W_sv	-1.68022388 	-15.14857398 	-13.22013414 	-26.25900143 	-26.25849619 	-2.6369701 	-4.09366026 	-6.30114755 	 13.74739755 	-6.30064231 	 13.74689231 	-3.66417745 	-3.66367220999999 			-2.6369701 	-1.45669016 	-2.20748729 	 10.73114755 	 10.73114755 	 9.62114755 	-9.62114755 
Y_sv	-1.94974015 	-15.87980688 	-11.89421522 	-24.60615736 	-24.60748598 	-3.09868673 	-2.49822507 	-4.37878721 	 11.82503721 	-4.38011583 	 11.82636583 	-1.28010048 	-1.2814291 			-3.09868673 	 0.60046166 	-1.88056214 	 8.80878721 	 8.80878721 	 7.69878721 	-7.69878721 
Zn	-0.01074649 	-9.49379264 	-3.82466947 	-13.70286062 	-13.70146859 	 1.34833384999999 	 3.63232701999999 	 4.58551587 	 2.86073412999999 	 4.5869079 	 2.85934209999999 	 3.23718202 	 3.23857405 			 1.34833384999999 	 2.28399317 	 0.95318885000001 	-0.15551587 	 2.28399317 	 1.17399317 	-1.17399317 
Zr_sv	-1.39024301 	-15.28516119 	-12.58250162 	-25.83386671 	-25.8346055 	-3.06353818 	-3.74600861 	-6.1659937 	 13.6122436999999 	-6.16673249 	 13.6129824899999 	-3.10245552 	-3.10319431 			-3.06353818 	-0.68247043 	-2.41998509 	 10.5959937 	 10.5959937 	 9.4859937 	-9.4859937 
