element	E_M	E_HO	E_O	E_HOO	E_HOO2	delta_E1(eV)	delta_E2(eV)	delta_E3_HOO(eV)	delta_E4_HOO(eV)	delta_E3_HOO2(eV)	delta_E4_HOO2(eV)	delta_E_HOO−HO(eV)	delta_E_HOO2−HO(eV)									
Ag	-0.19848535 	-10.54191274 	-4.48730707 	-14.61587803 	-14.7685364 	 0.487952609999998 	 3.15742827999999 	 3.86023731999999 	 3.58601267999999 	 3.70757894999999 	 3.73867105 	 3.37228471 	 3.21962633999999 			 0.487952609999998 	 2.66947566999999 	 0.70280904 	 0.56976268000001 	 2.66947566999999 	 1.55947566999999 	-1.55947566999999 
Au	-0.18516516 	-10.55089223 	-4.83340745 	-14.59189317 	-14.88275666 	 0.465652929999999 	 2.79800770999999 	 3.87090198999999 	 3.57534801 	 3.58003849999999 	 3.8662115 	 3.40524905999999 	 3.11438556999999 			 0.465652929999999 	 2.33235477999999 	 1.07289428 	 0.55909801000001 	 2.33235477999999 	 1.22235477999999 	-1.22235477999999 
Bi	-1.32504057 	-12.26982103 	-7.5512009 	-16.32929853 	-16.36542826 	-0.113400459999999 	 1.22008966999999 	 3.27337204 	 4.17287795999999 	 3.23724230999999 	 4.20900769 	 3.38677249999999 	 3.35064276999999 			-0.113400459999999 	 1.33349012999999 	 2.05328237000001 	 1.15662796 	 2.05328237000001 	 0.94328237000001 	-0.94328237000001 
Cd	-0.01340768 	-9.3447652 	-3.27024046 	-13.6657165 	-13.665036 	 1.50002248 	 4.18941721999999 	 4.62532117999999 	 2.82092882 	 4.62600167999999 	 2.82024832 	 3.12529869999999 	 3.12597919999999 			 1.50002248 	 2.68939473999999 	 0.435903959999999 	-0.19532117999999 	 2.68939473999999 	 1.57939473999999 	-1.57939473999999 
Co	-1.85749796 	-13.48483011 	-8.9782042 	-17.74262298 	-17.77481173 	-0.795952150000001 	 0.325543759999998 	 2.39250497999999 	 5.05374502 	 2.36031622999999 	 5.08593377 	 3.18845712999999 	 3.15626838 			-0.795952150000001 	 1.12149591 	 2.06696121999999 	 2.03749502000001 	 2.06696121999999 	 0.956961219999992 	-0.956961219999992 
Co_pv	-1.70869278 	-13.41264904 	-8.89802004 	-17.67342088 	-17.70318598 	-0.87257626 	 0.256922739999998 	 2.3129019 	 5.13334809999999 	 2.28313679999999 	 5.1631132 	 3.18547816 	 3.15571305999999 			-0.87257626 	 1.129499 	 2.05597916 	 2.1170981 	 2.1170981 	 1.0070981 	-1.0070981 
Co_sv	-1.78626398 	-13.55303919 	-9.0495747 	-17.81667772 	-17.84840015 	-0.935395210000001 	 0.182939279999998 	 2.24721625999999 	 5.19903374 	 2.21549382999999 	 5.23075616999999 	 3.18261146999999 	 3.15088904 			-0.935395210000001 	 1.11833449 	 2.06427697999999 	 2.18278374000001 	 2.18278374000001 	 1.07278374000001 	-1.07278374000001 
Cr_pv	-5.44397214 	-17.07769139 	-12.63167542 	-21.17039062 	-21.27398587 	-0.802339249999999 	 0.258546719999998 	 2.55121151999999 	 4.89503848 	 2.44761626999999 	 4.99863373 	 3.35355076999999 	 3.24995551999999 			-0.802339249999999 	 1.06088597 	 2.29266479999999 	 1.87878848000001 	 2.29266479999999 	 1.18266479999999 	-1.18266479999999 
Cu	-0.24242054 	-11.40888651 	-5.59806386 	-15.41572949 	-15.54841437 	-0.335085970000001 	 2.09060667999999 	 3.10432104999999 	 4.34192895 	 2.97163616999999 	 4.47461383 	 3.43940701999999 	 3.30672213999999 			-0.335085970000001 	 2.42569264999999 	 1.01371437 	 1.32567895000001 	 2.42569264999999 	 1.31569264999999 	-1.31569264999999 
Fe	-3.31685152 	-14.95427724 	-10.73646517 	-22.40198931 	-22.39929576 	-0.80604572 	 2.66363499999986E-02 	-0.807507790000002 	 8.25375779 	-0.804814240000002 	 8.25106424 	-1.46207000000231E-03 	 1.23147999999773E-03 			-0.80604572 	 0.832682069999999 	-0.834144140000001 	 5.23750779 	 5.23750779 	 4.12750779 	-4.12750779 
Fe_pv	-3.22255435 	-14.81110736 	-10.68766121 	-18.8514609 	-22.39540784 	-0.75717301 	-1.88568600000014E-02 	 2.64872344999999 	 4.79752655 	-0.895223490000002 	 8.34147349 	 3.40589645999999 	-0.138050480000002 			-0.75717301 	 0.738316149999999 	 2.66758030999999 	 1.78127655000001 	 2.66758030999999 	 1.55758030999999 	-1.55758030999999 
Ga	-0.22439326 	-12.90529178 	-6.79403183 	-16.83748186 	-16.94854278 	-1.84951852 	 0.876611429999999 	 1.66454139999999 	 5.7817086 	 1.55348047999999 	 5.89276952 	 3.51405991999999 	 3.40299899999999 			-1.84951852 	 2.72612995 	 0.787929969999991 	 2.76545860000001 	 2.76545860000001 	 1.65545860000001 	-1.65545860000001 
Hf	-3.33172817 	-17.15873772 	-14.46816581 	-27.24145908 	-27.2420557 	-2.99562955 	-3.69018764 	-5.63210091 	 13.07835091 	-5.63269753 	 13.07894753 	-2.63647136 	-2.63706798 			-2.99562955 	-0.69455809 	-1.94191327 	 10.06210091 	 10.06210091 	 8.95210091 	-8.95210091 
Hg	-0.01132787 	-8.57993977 	-2.52442678 	-13.35419419 	-13.35308634 	 2.2627681 	 4.93315108999999 	 4.93476368 	 2.51148631999999 	 4.93587152999999 	 2.51037847 	 2.67199557999999 	 2.67310342999999 			 2.2627681 	 2.67038298999999 	 1.61259000000946E-03 	-0.50476368 	 2.67038298999999 	 1.56038298999999 	-1.56038298999999 
In_d	-0.21667067 	-12.40339596 	-6.22371743 	-16.41395884 	-16.49352993 	-1.35534529 	 1.43920323999999 	 2.08034182999999 	 5.36590817 	 2.00077073999999 	 5.44547926 	 3.43568711999999 	 3.35611602999999 			-1.35534529 	 2.79454852999999 	 0.64113859 	 2.34965817000001 	 2.79454852999999 	 1.68454852999999 	-1.68454852999999 
Ir	-1.50545445 	-13.09731989 	-9.05782004 	-17.58955316 	-17.63637584 	-0.76048544 	-0.106115589999999 	 2.19353128999999 	 5.25271871 	 2.14670860999999 	 5.29954139 	 2.95401672999999 	 2.90719404999999 			-0.76048544 	 0.654369850000001 	 2.29964687999999 	 2.23646871000001 	 2.29964687999999 	 1.18964687999999 	-1.18964687999999 
Mn_pv	-5.14995509 	-16.39222038 	-12.44484036 	-20.75803853 	-24.26266427 	-0.410885290000003 	 0.151364729999998 	 2.66954655999999 	 4.77670344 	-0.835079180000001 	 8.28132918 	 3.08043185 	-0.424193889999997 			-0.410885290000003 	 0.562250020000001 	 2.51818182999999 	 1.76045344000001 	 2.51818182999999 	 1.40818182999999 	-1.40818182999999 
Mo_sv	-4.64512452 	-16.31209675 	-12.57970593 	-20.46679834 	-20.5573793 	-0.835592229999999 	-0.488331409999999 	 2.45595617999999 	 4.99029382 	 2.36537521999999 	 5.08087478 	 3.29154840999999 	 3.20096744999999 			-0.835592229999999 	 0.34726082 	 2.94428758999999 	 1.97404382000001 	 2.94428758999999 	 1.83428758999999 	-1.83428758999999 
Nb_pv	-3.15195066 	-15.82237212 	-13.06237883 	-25.62017157 	-25.61897476 	-1.83904146 	-2.46417817 	-4.19059091 	 11.63684091 	-4.1893941 	 11.6356441 	-2.35154945 	-2.35035264 			-1.83904146 	-0.62513671 	-1.72641274 	 8.62059091 	 8.62059091 	 7.51059091 	-7.51059091 
Ni	-0.63694325 	-12.30712476 	-7.57137125 	-16.60443595 	-16.51079672 	-0.838801510000001 	 0.511821999999998 	 2.31013729999999 	 5.1361127 	 2.40377653 	 5.04247346999999 	 3.14893881 	 3.24257804 			-0.838801510000001 	 1.35062351 	 1.79831529999999 	 2.11986270000001 	 2.11986270000001 	 1.00986270000001 	-1.00986270000001 
Ni_pv	-0.62920345 	-12.31267753 	-7.5933919 	-16.61480358 	-16.52319939 	-0.85209408 	 0.482061549999999 	 2.29202986999999 	 5.15422013 	 2.38363406 	 5.06261593999999 	 3.14412394999999 	 3.23572814 			-0.85209408 	 1.33415563 	 1.80996831999999 	 2.13797013000001 	 2.13797013000001 	 1.02797013000001 	-1.02797013000001 
Os	-2.90633246 	-14.52793995 	-10.7089775 	-23.65673937 	-23.65558472 	-0.790227490000001 	-0.35639504 	-2.47277691 	 9.91902691 	-2.47162226 	 9.91787226 	-1.68254942 	-1.68139476999999 			-0.790227490000001 	 0.433832450000001 	-2.11638187 	 6.90277691 	 6.90277691 	 5.79277691 	-5.79277691 
Os_pv	-2.91200575 	-14.53894128 	-10.7368425 	-23.7149109 	-23.71337698 	-0.795555529999999 	-0.37858675 	-2.52527515 	 9.97152515 	-2.52374123 	 9.96999123 	-1.72971962 	-1.7281857 			-0.795555529999999 	 0.416968779999999 	-2.1466884 	 6.95527515 	 6.95527515 	 5.84527515 	-5.84527515 
Pb	-0.62277255 	-12.18948679 	-8.05691135 	-16.35617043 	-16.35437613 	-0.73533424 	 1.21111999999987E-02 	 2.54423212 	 4.90201787999999 	 2.54602642 	 4.90022357999999 	 3.27956636 	 3.28136066 			-0.73533424 	 0.747445439999999 	 2.53212092 	 1.88576788 	 2.53212092 	 1.42212092 	-1.42212092 
Pd	-1.47431103 	-11.91774692 	-6.73471657 	-16.49491326 	-16.49678839 	 0.387944109999999 	 2.18584445999999 	 3.25702776999999 	 4.18922223 	 3.25515263999999 	 4.19109736 	 2.86908365999999 	 2.86720852999999 			 0.387944109999999 	 1.79790034999999 	 1.07118331 	 1.17297223000001 	 1.79790034999999 	 0.687900349999991 	-0.687900349999991 
Pd_pv	-1.49667166 	-11.92335662 	-6.73681043 	-16.34047165 	-16.50161221 	 0.40469504 	 2.20611122999999 	 3.43383000999999 	 4.01241999 	 3.27268944999999 	 4.17356055 	 3.02913496999999 	 2.86799440999999 			 0.40469504 	 1.80141618999999 	 1.22771878 	 0.99616999000001 	 1.80141618999999 	 0.69141618999999 	-0.69141618999999 
Pt	-0.5558782 	-11.87948822 	-7.48487187 	-16.35255778 	-16.35724193 	-0.49223002 	 0.517256329999998 	 2.48095041999999 	 4.96529958 	 2.47626626999999 	 4.96998373 	 2.97318043999999 	 2.96849628999999 			-0.49223002 	 1.00948635 	 1.96369408999999 	 1.94904958000001 	 1.96369408999999 	 0.853694089999992 	-0.853694089999992 
Pt_pv	-0.59602688 	-11.92530697 	-7.56292371 	-16.40911114 	-16.41191375 	-0.497900089999999 	 0.479353169999999 	 2.46454573999999 	 4.98170426 	 2.46174312999999 	 4.98450687 	 2.96244582999999 	 2.95964321999999 			-0.497900089999999 	 0.977253259999998 	 1.98519256999999 	 1.96545426000001 	 1.98519256999999 	 0.875192569999991 	-0.875192569999991 
Re	-4.609365 	-16.08954948 	-12.29592839 	-25.48551755 	-25.48264387 	-0.648804479999999 	-0.24031339 	-2.59852255 	 10.04477255 	-2.59564887 	 10.04189887 	-1.94971807 	-1.94684439 			-0.648804479999999 	 0.408491089999999 	-2.35820916 	 7.02852255 	 7.02852255 	 5.91852255 	-5.91852255 
Rh	-1.2963336 	-12.85787813 	-8.67101895 	-17.38876961 	-17.41736567 	-0.730164529999999 	 7.15646499999991E-02 	 2.18519398999999 	 5.26105601 	 2.15659793 	 5.28965206999999 	 2.91535851999999 	 2.88676246 			-0.730164529999999 	 0.801729179999998 	 2.11362933999999 	 2.24480601000001 	 2.24480601000001 	 1.13480601000001 	-1.13480601000001 
Rh_pv	-1.49197836 	-12.83931058 	-8.67426435 	-17.38590587 	-17.41163535 	-0.515952219999999 	 0.263964009999999 	 2.38370249 	 5.06254750999999 	 2.35797300999999 	 5.08827699 	 2.89965471 	 2.87392522999999 			-0.515952219999999 	 0.779916229999998 	 2.11973848 	 2.04629751 	 2.11973848 	 1.00973848 	-1.00973848 
Ru	-2.47317028 	-13.86248951 	-10.12088711 	-18.49236026 	-21.87796069 	-0.55793923 	-0.201466830000001 	 2.25844001999999 	 5.18780998 	-1.12716040999999 	 8.57341040999999 	 2.81637924999999 	-0.569221179999997 			-0.55793923 	 0.356472399999999 	 2.45990684999999 	 2.17155998000001 	 2.45990684999999 	 1.34990684999999 	-1.34990684999999 
Ru_pv	-2.47427937 	-13.88232114 	-10.14851596 	-18.52075737 	-22.22992392 	-0.576661770000001 	-0.22798659 	 2.231152 	 5.21509799999999 	-1.47801455 	 8.92426455 	 2.80781377 	-0.901352779999999 			-0.576661770000001 	 0.348675180000001 	 2.45913859 	 2.198848 	 2.45913859 	 1.34913859 	-1.34913859 
Ru_sv	-2.53612545 	-13.95781912 	-10.2453253 	-18.60816955 	-22.02673461 	-0.59031367 	-0.26294985 	 2.20558589999999 	 5.2406641 	-1.21297915999999 	 8.65922915999999 	 2.79589956999999 	-0.622665489999999 			-0.59031367 	 0.32736382 	 2.46853574999999 	 2.22441410000001 	 2.46853574999999 	 1.35853574999999 	-1.35853574999999 
Sb	-1.43056383 	-12.632324 	-8.18533942 	-16.63968949 	-16.66453953 	-0.37038017 	 0.691474409999999 	 3.06850434 	 4.37774565999999 	 3.0436543 	 4.40259569999999 	 3.43888451 	 3.41403447 			-0.37038017 	 1.06185458 	 2.37702993 	 1.36149566 	 2.37702993 	 1.26702993 	-1.26702993 
Sc_sv	-2.03360495 	-15.28131569 	-11.82450168 	-24.50972845 	-24.50913402 	-2.41633073999999 	-2.34464673 	-4.1984935 	 11.6447435 	-4.19789907 	 11.64414907 	-1.78216276 	-1.78156833 			-2.41633073999999 	 0.07168400999999 	-1.85384677 	 8.6284935 	 8.6284935 	 7.5184935 	-7.5184935 
Sn	-0.66982842 	-12.56023549 	-8.77175761 	-16.68981606 	-16.68934247 	-1.05902707 	-0.65567919 	 2.25764236 	 5.18860763999999 	 2.25811595 	 5.18813405 	 3.31666943 	 3.31714302 			-1.05902707 	 0.40334788 	 2.91332155 	 2.17235764 	 2.91332155 	 1.80332155 	-1.80332155 
Sn_d	-0.69953893 	-12.56932163 	-8.76098173 	-16.69665057 	-16.69487683 	-1.0384027 	-0.6151928 	 2.28051835999999 	 5.16573164 	 2.28229209999999 	 5.1639579 	 3.31892105999999 	 3.3206948 			-1.0384027 	 0.4232099 	 2.89571115999999 	 2.14948164000001 	 2.89571115999999 	 1.78571115999999 	-1.78571115999999 
Sr_sv	-0.02824711 	-12.12260531 	-6.89568382 	-16.23134457 	-16.29664816 	-1.2629782 	 0.578813289999998 	 2.07453253999999 	 5.37171746 	 2.00922894999999 	 5.43702105 	 3.33751073999999 	 3.27220714999999 			-1.2629782 	 1.84179149 	 1.49571924999999 	 2.35546746000001 	 2.35546746000001 	 1.24546746000001 	-1.24546746000001 
Ta	-3.4864866 	-16.75043985 	-14.30940045 	-27.51515545 	-27.51312409 	-2.43257325 	-3.37666385 	-5.75103885 	 13.19728885 	-5.74900749 	 13.19525749 	-3.3184656 	-3.31643424 			-2.43257325 	-0.9440906 	-2.374375 	 10.18103885 	 10.18103885 	 9.07103885 	-9.07103885 
Tc_pv	-3.3511673 	-15.07755431 	-11.63106425 	-24.10837843 	-23.74074728 	-0.89500701 	-0.83364695 	-2.47958112999999 	 9.92583112999999 	-2.11194998 	 9.55819998 	-1.58457411999999 	-1.21694297 			-0.89500701 	 0.06136006 	-1.64593417999999 	 6.90958112999999 	 6.90958112999999 	 5.79958112999999 	-5.79958112999999 
Ti	-2.45024583 	-15.3030516 	-12.04425008 	-24.85124392 	-24.84997307 	-2.02142577 	-2.14775425 	-4.12336809 	 11.56961809 	-4.12209724 	 11.56834724 	-2.10194232 	-2.10067147 			-2.02142577 	-0.12632848 	-1.97561384 	 8.55336809 	 8.55336809 	 7.44336809 	-7.44336809 
Ti_pv	-2.5138598 	-15.40245241 	-12.34070399 	-25.20193224 	-25.20181196 	-2.05721261 	-2.38059419 	-4.41044244 	 11.85669244 	-4.41032216 	 11.85657216 	-2.35322983 	-2.35310955 			-2.05721261 	-0.32338158 	-2.02984825 	 8.84044244 	 8.84044244 	 7.73044244 	-7.73044244 
Ti_sv	-2.39924092 	-15.43547334 	-12.40334448 	-25.28780791 	-25.28753666 	-2.20485242 	-2.55785356 	-4.61093699 	 12.05718699 	-4.61066574 	 12.05691574 	-2.40608457 	-2.40581332 			-2.20485242 	-0.35300114 	-2.05308343 	 9.04093699 	 9.04093699 	 7.93093699 	-7.93093699 
V_sv	-3.59549258 	-16.13128105 	-12.8530208 	-25.36253535 	-25.36219204 	-1.70440846999999 	-1.81127822 	-3.48941277 	 10.93566277 	-3.48906945999999 	 10.93531946 	-1.7850043 	-1.78466099 			-1.70440846999999 	-0.10686975000001 	-1.67813455 	 7.91941277 	 7.91941277 	 6.80941277 	-6.80941277 
W_sv	-4.57143432 	-16.56183969 	-14.03992785 	-26.94627359 	-26.94394802 	-1.15902537 	-2.02224353 	-4.09720927 	 11.54345927 	-4.0948837 	 11.5411337 	-2.9381839 	-2.93585833 			-1.15902537 	-0.86321816 	-2.07496574 	 8.52720927 	 8.52720927 	 7.41720927 	-7.41720927 
Y_sv	-2.15753452 	-15.85275485 	-12.05307665 	-24.56367617 	-24.5645004 	-2.86384033 	-2.44929213 	-4.12851165 	 11.57476165 	-4.12933588 	 11.57558588 	-1.26467132 	-1.26549555 			-2.86384033 	 0.4145482 	-1.67921952 	 8.55851165 	 8.55851165 	 7.44851165 	-7.44851165 
Zn	-0.01074644 	-9.72194941 	-3.80223916 	-13.69678703 	-13.85090047 	 1.12017702999999 	 3.65475727999999 	 4.59158940999999 	 2.85466059 	 4.43747596999999 	 3.00877402999999 	 3.47141238 	 3.31729894 			 1.12017702999999 	 2.53458025 	 0.93683213 	-0.161589409999991 	 2.53458025 	 1.42458025 	-1.42458025 
Zr_sv	-2.24452879 	-15.66274332 	-12.84061013 	-26.04957385 	-26.05040607 	-2.58683453 	-3.14983134 	-5.52741506 	 12.97366506 	-5.52824728 	 12.97449728 	-2.94058053 	-2.94141275 			-2.58683453 	-0.56299681 	-2.37758372 	 9.95741506 	 9.95741506 	 8.84741506 	-8.84741506 
